animal_id,age,louvain,region,neighbor_mean_age,neighbor_age_zscore
50P,15.59,2,lCb,11.16,0.33372793
42T,15.96,2,lCb,10.503,0.12611774
31S,17.0,2,lCb,9.741,-0.620242
98V,16.03,2,lCb,14.144,2.1434443
4S3,3.18,2,lCb,5.003,-3.9373531
3T5,5.12,2,lCb,7.544,-2.456275
1G8,7.88,2,lCb,10.108,-0.3236366
5R4,6.25,2,lCb,10.669,0.007227328
5R4,6.25,2,lCb,10.391001,-0.13521837
1L1,8.17,2,lCb,10.929,0.3176026
82V,16.01,2,lCb,11.505,0.677713
2C6,14.03,2,lCb,12.801,1.4289206
3T5,5.12,2,lCb,13.145999,1.8101599
2F2,11.04,2,lCb,11.177,0.646438
50P,15.59,2,lCb,13.425,2.0000033
1L1,8.17,2,lCb,10.272,-0.4862261
0G3,9.1,2,lCb,11.35,0.3449197
82V,16.01,2,lCb,13.017,1.6490086
0B9,12.11,2,lCb,10.519,0.1903418
3K1,9.01,2,lCb,12.372,1.1490244
42T,15.96,2,lCb,10.6449995,0.019481566
4Q6,3.22,2,lCb,10.234,-0.15234613
43N,17.0,2,lCb,12.047999,0.87503284
0B9,12.11,2,lCb,10.774,-0.0016580229
2C6,14.03,2,lCb,10.596001,-0.016750546
3R7,3.32,2,lCb,6.9309998,-2.4880695
5R4,6.25,2,lCb,8.265,-1.6023486
50P,15.59,2,lCb,10.782001,0.069315806
6L4,8.2,2,lCb,8.337,-1.3097428
6L4,8.2,2,lCb,9.450999,-0.81937987
0B9,12.11,2,lCb,12.663,1.5006553
4S3,3.18,2,lCb,8.075,-1.7384933
4S3,3.18,2,lCb,5.981,-3.0815818
4S3,3.18,2,lCb,8.811,-1.0889674
5R4,6.25,2,lCb,10.22,-0.19355908
98V,16.03,2,lCb,10.689001,-0.0392233
97R,17.93,2,lCb,7.743,-2.1199002
97R,17.93,2,lCb,11.360001,0.55590934
5H6,11.03,2,lCb,8.566,-1.2723151
4J6,7.15,2,lCb,9.351,-0.9746
2S6,3.17,2,lCb,13.532001,1.9428334
3T5,5.12,2,lCb,9.528001,-0.8759206
55R,14.97,2,lCb,8.5390005,-1.2206687
98V,16.03,2,lCb,11.981001,0.9153276
50P,15.59,2,lCb,8.76,-1.1119921
50P,15.59,2,lCb,7.6190004,-2.3461626
97R,17.93,2,lCb,10.512,0.06466543
5H6,11.03,2,lCb,7.611,-1.9321017
41N,16.74,2,lCb,9.726,-0.4305738
41N,16.74,2,lCb,11.299999,0.5359201
7F0,11.2,2,lCb,7.9089994,-1.4831128
3R7,3.32,2,lCb,7.196,-1.9827659
3R7,3.32,2,lCb,5.7489996,-2.9051144
55R,14.97,2,lCb,12.839999,1.3010201
3D1,13.11,2,lCb,14.448,2.556149
8B3,13.09,2,lCb,13.327001,2.1769006
41N,16.74,2,lCb,15.258,3.200227
1V8,4.31,2,lCb,10.214999,-0.30498058
2V1,4.3,2,lCb,5.153001,-3.397318
0G3,9.1,2,lCb,8.857,-1.0784123
4S3,3.18,2,lCb,10.469999,-0.12031608
55R,14.97,2,lCb,11.429,0.7432049
3T5,5.12,2,lCb,9.626,-0.47794467
8B3,13.09,2,lCb,9.814,-0.47004178
2F2,11.04,2,lCb,12.218,1.0042071
2C6,14.03,2,lCb,10.922,0.24789847
55R,14.97,2,lCb,7.299,-2.2992885
55R,14.97,2,lCb,9.509001,-0.7685121
3E4,11.99,2,lCb,10.392,0.0348756
4J6,7.15,2,lCb,11.684999,0.8058312
6L4,8.2,2,lCb,9.691999,-0.5593292
2C6,14.03,2,lCb,12.094,0.9220978
3E4,11.99,2,lCb,12.193,0.9572418
3K1,9.01,2,lCb,12.941999,1.6131692
55R,14.97,2,lCb,11.598,0.58618224
3D1,13.11,2,lCb,15.228,3.3554394
31S,17.0,2,lCb,14.336,2.5252419
43N,17.0,2,lCb,11.306001,0.28644562
0B9,12.11,2,lCb,11.06,0.27257866
8C9,12.12,2,lCb,14.506,2.4565403
3K1,9.01,2,lCb,10.797,0.11659934
3D1,13.11,2,lCb,15.448999,2.8814578
7M4,8.15,2,lCb,9.25,-0.7751821
4Q6,3.22,2,lCb,8.573,-1.2600634
6L4,8.2,2,lCb,12.547,1.2965909
41N,16.74,2,lCb,8.8880005,-1.0328218
2V1,4.3,2,lCb,9.137,-1.1109775
7F0,11.2,2,lCb,10.045,-0.3345226
2C6,14.03,2,lCb,11.8550005,0.893575
2S6,3.17,2,lCb,8.441999,-1.3131001
2F2,11.04,2,lCb,8.917,-1.082754
5H6,11.03,2,lCb,12.649,1.4865986
43N,17.0,2,lCb,11.959,0.79690933
3R7,3.32,2,lCb,5.831,-3.1048787
4J6,7.15,2,lCb,8.813999,-1.2479532
2I1,10.27,2,lCb,7.713,-2.1336098
2I1,10.27,2,lCb,9.294001,-0.85969806
1V8,4.31,2,lCb,12.691999,1.337638
82V,16.01,2,lCb,13.066,1.6015065
43N,17.0,2,lCb,14.640001,2.568114
2C6,14.03,2,lCb,11.743001,0.8670571
2Q0,3.21,2,lCb,8.419001,-1.3407595
2F2,11.04,2,lCb,8.964999,-0.9852956
2F2,11.04,2,lCb,7.824,-1.8871859
7F0,11.2,2,lCb,10.262999,-0.31232485
2C6,14.03,2,lCb,12.848999,1.2203356
8I6,9.9,2,lCb,15.421,2.7910573
42T,15.96,2,lCb,9.982,-0.3676316
5H6,11.03,2,lCb,11.773999,0.77049786
5H6,11.03,2,lCb,9.789,-0.5300217
5H6,11.03,2,lCb,9.157,-0.81375164
2V1,4.3,2,lCb,8.747,-1.1645674
43N,17.0,2,lCb,10.137,-0.48568398
3T5,5.12,2,lCb,10.122,-0.51513326
3K1,9.01,2,lCb,9.959001,-0.15229304
1G8,7.88,2,lCb,11.142,0.16669686
98V,16.03,2,lCb,9.918,-0.3427282
97R,17.93,2,lCb,10.437,-0.051302247
97R,17.93,2,lCb,16.751001,4.1180596
42T,15.96,2,lCb,10.63,-0.13093036
6L4,8.2,2,lCb,7.6609993,-1.7903236
0G3,9.1,2,lCb,11.275,0.24939328
82V,16.01,2,lCb,13.253,1.5179552
4S3,3.18,2,lCb,7.0480003,-2.2538285
3T5,5.12,2,lCb,11.201999,0.4052567
98V,16.03,2,lCb,14.508,2.5525978
50P,15.59,2,lCb,10.161,-0.19617955
6L4,8.2,2,lCb,6.1850004,-3.022267
1V8,4.31,2,lCb,7.662,-1.8252681
7F0,11.2,2,lCb,7.7750006,-1.8451914
8I6,9.9,2,lCb,9.192,-0.9331344
3R7,3.32,2,lCb,6.031,-3.5057824
3T5,5.12,2,lCb,8.960001,-0.917898
42T,15.96,2,lCb,10.146,-0.2997108
42T,15.96,2,lCb,13.25,1.9576695
82V,16.01,2,lCb,10.969999,0.2490315
0B9,12.11,2,lCb,8.690001,-1.1482117
4S3,3.18,2,lCb,8.721,-1.2472987
3R7,3.32,2,lCb,10.786,0.087209105
6D9,13.11,2,lCb,10.98,0.30939054
6D9,13.11,2,lCb,9.007001,-1.2495652
37V,15.07,2,lCb,10.509,0.045141056
55R,14.97,2,lCb,10.083,-0.30478248
3T5,5.12,2,lCb,7.996,-1.7478254
2F2,11.04,2,lCb,10.379,-0.2259431
4J6,7.15,2,lCb,9.219,-0.85293067
1L1,8.17,2,lCb,11.179,0.34547696
82V,16.01,2,lCb,9.702999,-0.70132434
8M0,8.12,2,lCb,10.592,-0.095867924
55R,14.97,2,lCb,10.568999,-0.057465415
50P,15.59,2,lCb,8.49,-1.2891247
8B3,13.09,2,lCb,6.495,-2.6554585
2V1,4.3,2,lCb,7.5690002,-1.538283
0G3,9.1,2,lCb,13.023,1.4377247
2C6,14.03,2,lCb,10.306,-0.25320798
2S6,3.17,2,lCb,10.049,-0.24290289
6D9,13.11,2,lCb,9.997,-0.3534003
2I1,10.27,2,lCb,9.125,-1.0759339
1V8,4.31,2,lCb,6.3059998,-2.9047022
8M0,8.12,2,lCb,12.17,1.1018475
3K1,9.01,2,lCb,9.42,-0.7814818
97R,17.93,2,lCb,12.342,1.2419076
4J6,7.15,2,lCb,6.873,-2.453023
6L4,8.2,2,lCb,10.027001,-0.42479002
3R7,3.32,2,lCb,5.061,-3.8863163
37V,15.07,2,lCb,13.551,1.8712677
8B3,13.09,2,lCb,12.054,1.0882055
41N,16.74,2,lCb,9.668999,-0.6404602
7F0,11.2,2,lCb,8.621,-1.188555
4S3,3.18,2,lCb,9.606,-0.6384385
5R4,6.25,2,lCb,11.365,0.41538045
82V,16.01,2,lCb,13.292999,1.737997
4Q6,3.22,2,lCb,7.1740007,-2.2570531
4J6,7.15,2,lCb,10.403,-0.16370142
0G3,9.1,2,lCb,14.552,2.582886
0B9,12.11,2,lCb,12.404,1.4033033
0B9,12.11,2,lCb,7.025,-2.2060957
4S3,3.18,2,lCb,9.216,-0.9995507
55R,14.97,2,lCb,10.7,0.19467628
3D1,13.11,2,lCb,11.125,0.4105355
42T,15.96,2,lCb,10.955999,0.3278292
1L1,8.17,2,lCb,9.61,-0.5400117
43N,17.0,2,lCb,8.475,-1.3140607
0B9,12.11,2,lCb,11.255,0.49239656
4S3,3.18,2,lCb,7.051,-2.4197483
4S3,3.18,2,lCb,8.357,-1.5527672
8M0,8.12,2,lCb,13.580999,1.7885174
5R4,6.25,2,lCb,9.1,-1.1993192
98V,16.03,2,lCb,14.842999,2.9367216
6L4,8.2,2,lCb,6.8849998,-2.1679518
4J6,7.15,2,lCb,15.2630005,3.074086
0G3,9.1,2,lCb,10.961,0.23444784
74K,20.81,2,lCb,8.496,-1.2440859
2C6,14.03,2,lCb,13.519,2.1915524
3K1,9.01,2,lCb,7.9059997,-1.7311478
8B3,13.09,2,lCb,10.8,0.18857002
5H6,11.03,2,lCb,9.2699995,-0.75881284
4J6,7.15,2,lCb,11.972,0.8556605
3E4,11.99,2,lCb,11.249001,0.4377049
97R,17.93,2,lCb,8.896999,-1.2171258
8B3,13.09,2,lCb,10.275999,-0.27121514
31S,17.0,2,lCb,11.858999,0.8748722
97R,17.93,2,lCb,11.943,0.9414875
42T,15.96,2,lCb,10.490999,0.25129548
1L1,8.17,2,lCb,10.065001,-0.19360586
1V8,4.31,2,lCb,9.605999,-0.7417267
0G3,9.1,2,lCb,11.283,0.295218
3R7,3.32,2,lCb,8.962999,-1.0832168
3R7,3.32,2,lCb,7.6840005,-1.9100921
5H6,11.03,2,lCb,9.496,-0.67953
5H6,11.03,2,lCb,10.955999,0.38045102
6L4,8.2,2,lCb,9.211,-0.73878956
41N,16.74,2,lCb,11.26,0.6682179
41N,16.74,2,lCb,10.672,0.11622592
7F0,11.2,2,lCb,7.8599997,-1.744923
2C6,14.03,2,lCb,13.378,1.8566034
3T5,5.12,2,lCb,8.833,-1.3703102
5R4,6.25,2,lCb,8.169001,-1.4542568
5R4,6.25,2,lCb,11.976,0.6671302
97R,17.93,2,lCb,14.950999,2.5903037
8B3,13.09,2,lCb,11.46,0.5927531
31S,17.0,2,lCb,12.207001,0.86256623
6L4,8.2,2,lCb,6.622,-2.600988
6L4,8.2,2,lCb,9.985,-0.484721
2V1,4.3,2,lCb,6.685,-2.6044896
2V1,4.3,2,lCb,7.433,-1.9890673
2V1,4.3,2,lCb,9.911,-0.36805415
3E4,11.99,2,lCb,8.731,-1.3941487
4S3,3.18,2,lCb,5.705,-3.0914972
3K1,9.01,2,lCb,11.665999,0.6351553
3D1,13.11,2,lCb,13.193001,1.8217014
50P,15.59,2,lCb,10.407,-0.096552424
50P,15.59,2,lCb,10.301,0.038834
46Z,13.97,2,lCb,11.144,0.38042736
5R4,6.25,2,lCb,9.764,-0.6177364
5H6,11.03,2,lCb,9.828,-0.55628926
4J6,7.15,2,lCb,9.791,-0.43880212
41N,16.74,2,lCb,9.782999,-0.57290775
82V,16.01,2,lCb,11.766001,0.7305121
4S3,3.18,2,lCb,9.552,-0.65005004
3R7,3.32,2,lCb,6.1980004,-3.1857593
3K1,9.01,2,lCb,12.837,1.3297313
2F2,11.04,2,lCb,10.211,-0.32701448
31S,17.0,2,lCb,13.464999,1.9569693
1L1,8.17,2,lCb,9.653,-0.83444816
6L4,8.2,2,lCb,9.1970005,-1.0704284
7F0,11.2,2,lCb,9.074999,-1.1580155
3R7,3.32,2,lCb,11.746,0.74674684
3R7,3.32,2,lCb,6.1349998,-3.0074089
55R,14.97,2,lCb,11.952001,0.8592582
98V,16.03,2,lCb,9.199,-0.7418977
98V,16.03,2,lCb,12.542001,1.4773489
2F2,11.04,2,lCb,11.273001,0.5465525
2F2,11.04,2,lCb,10.627,-0.019812407
31S,17.0,2,lCb,10.679999,-0.04633071
56K,19.93,2,lCb,12.453,1.0439067
55R,14.97,2,lCb,10.958,0.20636605
0G3,9.1,2,lCb,11.774,0.9327718
82V,16.01,2,lCb,15.646998,3.018852
82V,16.01,2,lCb,12.071001,0.88995004
43N,17.0,2,lCb,9.643999,-0.53026146
2C6,14.03,2,lCb,8.739,-1.2340999
2S6,3.17,2,lCb,10.95,0.26536724
4S3,3.18,2,lCb,7.675,-1.7899035
6D9,13.11,2,lCb,10.635,0.003323858
3D1,13.11,2,lCb,10.554,-0.07124796
3T5,5.12,2,lCb,10.247,-0.26101223
31S,17.0,2,lCb,12.920001,1.5233434
7F0,11.2,2,lCb,9.409,-0.8398401
82V,16.01,2,lCb,10.3220005,-0.14992647
2S2,6.31,2,lCb,8.351999,-1.7863563
50P,15.59,2,lCb,10.19,-0.26605958
98V,16.03,2,lCb,12.363,1.07274
6L4,8.2,2,lCb,9.443999,-0.8464847
5H6,11.03,2,lCb,10.455999,-0.144148
37V,15.07,2,lCb,15.05,3.5666425
55R,14.97,2,lCb,9.491,-0.71317416
5R4,6.25,2,lCb,11.51,0.47561216
97R,17.93,2,lCb,14.42,2.9753797
5H6,11.03,2,lCb,9.1970005,-0.9264056
3E4,11.99,2,lCb,11.171,0.41937628
4J6,7.15,2,lCb,11.099999,0.35166448
0G3,9.1,2,lCb,8.882999,-1.3800409
2C6,14.03,2,lCb,12.400999,1.1200534
2S6,3.17,2,lCb,13.514,1.9273455
3T5,5.12,2,lCb,10.34,-0.0568421
7M4,8.15,2,lCb,10.884001,0.35933936
5H6,11.03,2,lCb,12.559,1.3596182
0G3,9.1,2,lCb,10.959001,0.37207547
3D1,13.11,2,lCb,9.182,-0.8984697
4J6,7.15,2,lCb,8.556,-1.5228522
4J6,7.15,2,lCb,7.271,-2.3175702
4J6,7.15,2,lCb,7.4979997,-2.1399145
0G3,9.1,2,lCb,15.1779995,2.8055115
2S6,3.17,2,lCb,10.665999,-0.010871002
98V,16.03,2,lCb,13.934,2.1035757
42T,15.96,2,lCb,8.557,-1.2370132
2V1,4.3,2,lCb,7.803,-1.7202129
3E4,11.99,2,lCb,7.2559996,-2.344649
74K,20.81,2,lCb,12.529,1.0638974
5H6,11.03,2,lCb,8.845,-1.1294158
5H6,11.03,2,lCb,11.367999,0.4966858
5H6,11.03,2,lCb,10.782999,0.12649907
4S3,3.18,2,lCb,10.936999,0.14586179
3R7,3.32,2,lCb,5.9839997,-2.9453902
3R7,3.32,2,lCb,9.6189995,-0.41041002
7M4,8.15,2,lCb,12.092,1.1275308
82V,16.01,2,lCb,12.0130005,0.9263655
6L4,8.2,2,lCb,9.63,-0.54563653
2I1,10.27,2,lCb,9.639,-0.66175044
55R,14.97,2,lCb,10.55,-0.024069251
97R,17.93,2,lCb,10.587999,-0.23116353
8B3,13.09,2,lCb,13.672,1.8638058
97R,17.93,2,lCb,14.692999,2.5424476
41N,16.74,2,lCb,9.157,-0.9952444
37V,15.07,2,lCb,11.403,0.70179665
37V,15.07,2,lCb,9.793001,-0.5416733
55R,14.97,2,lCb,15.0720005,3.0927296
98V,16.03,2,lCb,14.123999,2.43566
2F2,11.04,2,lCb,11.476,0.48275453
97R,17.93,2,lCb,9.816999,-0.39463574
98V,16.03,2,lCb,11.943,0.69922745
4Q6,3.22,2,lCb,9.075001,-1.1731714
5H6,11.03,2,lCb,9.401,-0.8419933
82V,16.01,2,lCb,9.554001,-0.63241696
8C9,12.12,2,lCb,11.853,0.7202506
4S3,3.18,2,lCb,9.785999,-0.4100363
4S3,3.18,2,lCb,5.0959997,-4.0572867
8B3,13.09,2,lCb,13.849001,2.1568975
43N,17.0,2,lCb,16.507,4.2104187
6L4,8.2,2,lCb,8.628,-1.3214175
2C6,14.03,2,lCb,9.905,-0.31175557
3R7,3.32,2,lCb,7.485999,-1.9595201
3K1,9.01,2,lCb,11.8619995,0.9396814
3K1,9.01,2,lCb,13.634,1.9991423
3D1,13.11,2,lCb,13.536,1.8219701
3D1,13.11,2,lCb,11.775,0.5512724
5R4,6.25,2,lCb,8.655,-1.2414222
42T,15.96,2,lCb,11.136,0.37764812
2F2,11.04,2,lCb,8.796,-1.1381959
82V,16.01,2,lCb,14.163,2.1697128
2S6,3.17,2,lCb,11.676001,0.76527804
3T5,5.12,2,lCb,12.382,1.1316564
5R4,6.25,2,lCb,8.212999,-1.5442969
42T,15.96,2,lCb,10.003,-0.43529826
1L1,8.17,2,lCb,6.783,-2.3198636
1V8,4.31,2,lCb,8.714001,-1.2242807
3K1,9.01,2,lCb,10.0789995,-0.34562057
37V,15.07,2,lCb,11.714999,0.5566513
2F2,11.04,2,lCb,8.488,-1.2423881
8B3,13.09,2,lCb,11.365999,0.5034321
5H6,11.03,2,lCb,8.219999,-1.7451955
5H6,11.03,2,lCb,8.182,-1.3806117
1L1,8.17,2,lCb,9.027,-1.1383185
1L1,8.17,2,lCb,10.043,-0.2550634
3R7,3.32,2,lCb,9.14,-0.98980534
3K1,9.01,2,lCb,10.525,-0.10917854
98V,16.03,2,lCb,12.769001,1.4828011
97R,17.93,2,lCb,14.162999,2.238339
7F0,11.2,2,lCb,9.647,-0.648075
43N,17.0,2,lCb,13.351001,1.6624795
2C6,14.03,2,lCb,12.327,1.0491347
8I6,9.9,2,lCb,14.2769985,2.6011324
2Q0,3.21,2,lCb,8.768,-1.1031309
3R7,3.32,2,lCb,9.375,-0.83156425
5H6,11.03,2,lCb,7.6549997,-2.0262823
5H6,11.03,2,lCb,10.875999,0.041933775
4J6,7.15,2,lCb,7.854,-2.1080081
82V,16.01,2,lCb,9.701,-0.59262717
0B9,12.11,2,lCb,9.726999,-0.4224216
2C6,14.03,2,lCb,11.316999,0.3518604
2C6,14.03,2,lCb,11.869,0.8584999
2S6,3.17,2,lCb,7.901,-1.7140915
1G8,7.88,2,lCb,9.174001,-0.85117865
2F2,11.04,2,lCb,11.103001,0.26094761
6L4,8.2,2,lCb,8.257,-1.4742947
0G3,9.1,2,lCb,12.362,0.9660464
74K,20.81,2,lCb,15.781,3.4031026
0B9,12.11,2,lCb,11.181999,0.48245597
3D1,13.11,2,lCb,11.070001,0.25237495
3T5,5.12,2,lCb,12.693,1.219249
1G8,7.88,2,lCb,8.085,-1.595254
7M4,8.15,2,lCb,10.656,0.12132083
97R,17.93,2,lCb,15.047998,2.8617315
74K,20.81,2,lCb,11.664,0.5783477
6L4,8.2,2,lCb,7.4779997,-1.9059695
7F0,11.2,2,lCb,7.0769997,-2.3222857
82V,16.01,2,lCb,9.415,-0.8118587
82V,16.01,2,lCb,10.4869995,0.103746064
56K,19.93,2,lCb,10.184,-0.20175025
43N,17.0,2,lCb,9.913,-0.35048452
42T,15.96,2,lCb,11.691,0.78010386
4J6,7.15,2,lCb,11.155999,0.38655427
4J6,7.15,2,lCb,9.517,-0.7840637
6L4,8.2,2,lCb,7.2019997,-2.193335
43N,17.0,2,lCb,9.037,-1.1181822
0B9,12.11,2,lCb,8.288,-1.8871326
0B9,12.11,2,lCb,9.4279995,-0.7148249
3K1,9.01,2,lCb,9.9869995,-0.5080769
55R,14.97,2,lCb,7.4620004,-2.0668004
8B3,13.09,2,lCb,9.911,-0.34948546
6L4,8.2,2,lCb,11.667,0.5351718
2I1,10.27,2,lCb,10.903,0.29217944
82V,16.01,2,lCb,10.558,0.08767499
82V,16.01,2,lCb,11.703,0.74215674
43N,17.0,2,lCb,14.617,2.541132
3R7,3.32,2,lCb,9.491,-0.871494
3R7,3.32,2,lCb,8.427,-1.2573698
3K1,9.01,2,lCb,13.144,1.7089688
98V,16.03,2,lCb,14.366,2.6650069
42T,15.96,2,lCb,8.885,-1.1194333
82V,16.01,2,lCb,13.218,1.4746436
41N,16.74,2,lCb,10.964999,0.21181257
7F0,11.2,2,lCb,8.884001,-1.0903455
2Q0,3.21,2,lCb,6.87,-2.536441
4S3,3.18,2,lCb,6.539,-2.4063454
4S3,3.18,2,lCb,10.184,-0.42037886
1G8,7.88,2,lCb,9.35,-0.5903554
8B3,13.09,2,lCb,12.889999,1.6141865
6L4,8.2,2,lCb,11.801,0.8271573
2C6,14.03,2,lCb,11.750999,0.7601672
97R,17.93,2,lCb,15.199002,2.9618287
6L4,8.2,2,lCb,8.699,-1.3391019
82V,16.01,2,lCb,14.541,2.4615526
0B9,12.11,2,lCb,9.84,-0.39476243
2C6,14.03,2,lCb,13.014999,1.3621769
3E4,11.99,2,lCb,11.539,0.74725145
3K1,9.01,2,lCb,9.5460005,-0.6779761
5R4,6.25,2,lCb,11.323,0.33100507
50P,15.59,2,lCb,13.236,2.0141077
7M4,8.15,2,lCb,11.968,0.7130171
4J6,7.15,2,lCb,9.435999,-0.757356
6L4,8.2,2,lCb,11.884,0.7813155
2V1,4.3,2,lCb,7.1,-2.4056187
8I6,9.9,2,lCb,11.077001,0.38213435
3K1,9.01,2,lCb,8.45,-1.4634942
98V,16.03,2,lCb,8.547999,-1.3219116
97R,17.93,2,lCb,9.622999,-0.7914555
5H6,11.03,2,lCb,8.642,-1.4412249
4J6,7.15,2,lCb,9.169,-1.2253053
2I1,10.27,2,lCb,10.849,0.24292196
1L1,8.17,2,lCb,11.053999,0.19722241
2V1,4.3,2,lCb,7.317,-2.4559436
3K1,9.01,2,lCb,11.959001,0.84987193
6D9,13.11,2,lCb,8.665,-1.4801197
6D9,13.11,2,lCb,10.219999,-0.43213147
8M0,8.12,2,lCb,13.393001,1.8714137
55R,14.97,2,lCb,11.749001,0.8270312
1G8,7.88,2,lCb,10.327001,-0.09555079
1G8,7.88,2,lCb,8.78,-0.9594556
5R4,6.25,2,lCb,11.203,0.2883895
5H6,11.03,2,lCb,10.682,0.1195182
1L1,8.17,2,lCb,11.871,0.94375706
1V8,4.31,2,lCb,8.313001,-1.5712519
2V1,4.3,2,lCb,7.6029997,-2.22443
74K,20.81,2,lCb,14.4,2.3609812
4S3,3.18,2,lCb,8.394,-1.3733056
3T5,5.12,2,lCb,10.885,0.31419414
50P,15.59,2,lCb,11.980999,1.0286789
50P,15.59,2,lCb,9.933001,-0.44173247
7M4,8.15,2,lCb,12.639,1.4145601
42T,15.96,2,lCb,7.972,-1.7018083
82V,16.01,2,lCb,9.674,-0.39153323
4J6,7.15,2,lCb,10.301001,-0.14246346
43N,17.0,2,lCb,9.899,-0.36089358
0B9,12.11,2,lCb,11.587,0.57568294
3R7,3.32,2,lCb,8.944,-1.0095366
56R,14.95,2,lCb,14.559999,2.438775
50P,15.59,2,lCb,11.524,0.56393254
98V,16.03,2,lCb,11.093,0.36425152
0B9,12.11,2,lCb,9.017,-0.84270006
7M4,8.15,2,lCb,13.032,1.3816077
4Q6,3.22,2,lCb,8.462,-1.4751861
2V1,4.3,2,lCb,8.008,-1.7034708
2V1,4.3,2,lCb,8.332999,-1.4405799
3E4,11.99,2,lCb,9.244,-0.9456621
3E4,11.99,2,lCb,12.199999,1.0398872
3K1,9.01,2,lCb,8.075,-1.3455464
3K1,9.01,2,lCb,10.925,0.3320034
3R7,3.32,2,lCb,5.571,-3.6913188
3R7,3.32,2,lCb,9.683001,-0.6051201
8B3,13.09,2,lCb,10.827001,0.32464465
97R,17.93,2,lCb,9.066,-1.0164304
4J6,7.15,2,lCb,9.704,-0.61359483
2V1,4.3,2,lCb,8.2300005,-1.5905074
82V,16.01,2,lCb,14.434,2.9428945
4S3,3.18,2,lCb,7.5730004,-1.9069883
7M4,8.15,2,lCb,9.998,-0.26810116
97R,17.93,2,lCb,11.827999,0.7677817
8B3,13.09,2,lCb,10.937,0.16993095
8B3,13.09,2,lCb,9.766999,-0.42939895
2V1,4.3,2,lCb,8.245,-1.4901462
0G3,9.1,2,lCb,12.239,1.0920328
82V,16.01,2,lCb,13.32,1.6334727
3E4,11.99,2,lCb,11.994,0.87702566
3D1,13.11,2,lCb,15.615,3.6832066
97R,17.93,2,lCb,10.602,-0.11546781
97R,17.93,2,lCb,16.463999,4.237484
42T,15.96,2,lCb,11.400999,0.5497518
3R7,3.32,2,lCb,3.7719998,-4.1412625
55R,14.97,2,lCb,9.183,-1.029105
98V,16.03,2,lCb,15.363001,3.4053183
31S,17.0,2,lCb,10.029,-0.43407595
4Q6,3.22,2,lCb,9.969,-0.5874443
4J6,7.15,2,lCb,8.628,-1.2882797
4J6,7.15,2,lCb,10.181999,-0.37588134
41N,16.74,2,lCb,7.185,-2.3833814
2C6,14.03,2,lCb,13.756,2.1441343
3E4,11.99,2,lCb,12.477,1.2274791
56R,14.95,2,lCb,14.698999,2.446904
3K1,9.01,2,lCb,10.386999,-0.24054924
4S3,3.18,2,lCb,4.346,-4.362369
3T5,5.12,2,lCb,10.726,0.13021548
8M0,8.12,2,lCb,13.675,2.0564172
98V,16.03,2,lCb,8.696,-1.1388679
43N,17.0,2,lCb,10.249,-0.36618322
0B9,12.11,2,lCb,12.233,1.1332359
4S3,3.18,2,lCb,10.612,0.05631479
8M0,8.12,2,lCb,10.582,-0.08329394
82V,16.01,2,lCb,12.448,1.147122
5H6,11.03,2,lCb,9.679999,-0.7805451
7F0,11.2,2,lCb,9.57,-0.630944
43N,17.0,2,lCb,9.297,-1.0301465
2Q0,3.21,2,lCb,7.0689993,-2.516218
2Q0,3.21,2,lCb,8.159,-1.6155283
3D1,13.11,2,lCb,11.287001,0.47468808
5R4,6.25,2,lCb,8.21,-1.6687704
98V,16.03,2,lCb,15.703,3.4523358
97R,17.93,2,lCb,14.924002,2.7647493
42T,15.96,2,lCb,11.754,0.83044165
4Q6,3.22,2,lCb,9.025999,-1.1918232
6L4,8.2,2,lCb,9.806,-0.6318224
1V8,4.31,2,lCb,5.3389997,-3.1380754
3K1,9.01,2,lCb,10.948999,0.45524314
74K,20.81,2,lCb,8.625999,-1.4273127
4S3,3.18,2,lCb,8.855,-1.0651225
42T,15.96,2,lCb,12.750999,1.4094715
4Q6,3.22,2,lCb,9.596999,-0.66552615
2I1,10.27,2,lCb,10.244,-0.24783309
2V1,4.3,2,lCb,14.311,2.5882971
82V,16.01,2,lCb,10.488,0.0050757076
3T5,5.12,2,lCb,11.641001,0.6831178
3T5,5.12,2,lCb,9.046,-0.9254447
5R4,6.25,2,lCb,10.174,-0.41067863
98V,16.03,2,lCb,15.81,3.2788622
6L4,8.2,2,lCb,9.077,-0.99540704
4J6,7.15,2,lCb,9.429001,-0.90312034
6L4,8.2,2,lCb,8.117999,-1.7479181
0B9,12.11,2,lCb,8.791999,-1.2637391
2S6,3.17,2,lCb,9.135,-0.99955875
3T5,5.12,2,lCb,9.212,-0.8005617
3T5,5.12,2,lCb,11.515,0.45145553
1L1,8.17,2,lCb,8.907,-0.9178985
4Q6,3.22,2,lCb,6.17,-3.0986147
5H6,11.03,2,lCb,8.063999,-1.6932528
4J6,7.15,2,lCb,10.781,0.04870566
41N,16.74,2,lCb,9.539999,-0.7209064
41N,16.74,2,lCb,9.358,-0.88870335
82V,16.01,2,lCb,10.675,-0.047180586
2S6,3.17,2,lCb,9.353,-0.7171367
55R,14.97,2,lCb,10.500999,0.0339439
42T,15.96,2,lCb,7.8190002,-1.6828114
3E4,11.99,2,lCb,9.748,-0.5429878
6L4,8.2,2,lCb,9.628,-0.5930208
0G3,9.1,2,lCb,11.360999,0.5294251
55R,14.97,2,lCb,7.9160004,-1.7259022
3D1,13.11,2,lCb,10.142,-0.2887426
98V,16.03,2,lCb,15.307999,3.2196112
31S,17.0,2,lCb,10.323999,-0.13029318
0B9,12.11,2,lCb,9.274,-0.81474376
2S6,3.17,2,lCb,8.066999,-1.7422129
3R7,3.32,2,lCb,11.275999,0.52107763
3D1,13.11,2,lCb,10.367,-0.13761638
5H6,11.03,2,lCb,7.0520005,-2.1786785
2V1,4.3,2,lCb,8.834,-1.2448
7F0,11.2,2,lCb,8.622,-1.1714562
74K,20.81,2,lCb,9.582999,-0.82223207
82V,16.01,2,lCb,10.806001,0.1742335
56R,14.95,2,lCb,15.608999,3.5942988
1G8,7.88,2,lCb,10.762,0.13805962
5H6,11.03,2,lCb,8.583,-1.3051797
41N,16.74,2,lCb,7.424,-2.3068
41N,16.74,2,lCb,10.820999,0.06699894
1L1,8.17,2,lCb,8.150999,-1.5279872
2V1,4.3,2,lCb,7.825,-1.5885019
0B9,12.11,2,lCb,9.592,-0.6713512
4S3,3.18,2,lCb,9.495001,-0.5921541
6D9,13.11,2,lCb,10.4539995,0.05585566
6D9,13.11,2,lCb,10.193,-0.44615668
3K1,9.01,2,lCb,11.198,0.25738108
55R,14.97,2,lCb,10.186001,-0.4093856
50P,15.59,2,lCb,10.985,0.16386662
5H6,11.03,2,lCb,12.733999,1.5101957
3R7,3.32,2,lCb,7.9990005,-1.8068252
55R,14.97,2,lCb,9.847,-0.6463624
8B3,13.09,2,lCb,9.828,-0.77245325
41N,16.74,2,lCb,13.606,1.7607486
4S3,3.18,2,lCb,9.703,-0.55604905
3R7,3.32,2,lCb,6.299,-2.9882314
3T5,5.12,2,lCb,9.007999,-1.1542029
3T5,5.12,2,lCb,9.334,-0.83964616
5R4,6.25,2,lCb,9.083001,-0.93240994
2F2,11.04,2,lCb,9.099001,-1.337244
5H6,11.03,2,lCb,9.853001,-0.6065466
6L4,8.2,2,lCb,10.339999,-0.2546279
1L1,8.17,2,lCb,10.936,0.21233818
43N,17.0,2,lCb,8.362,-1.5075878
3R7,3.32,2,lCb,5.41,-2.9759676
97R,17.93,2,lCb,14.857999,2.8262837
4J6,7.15,2,lCb,9.391,-0.6363086
6L4,8.2,2,lCb,10.165998,-0.32608753
1L1,8.17,2,lCb,6.836,-2.2336535
82V,16.01,2,lCb,11.772,0.75472736
2S6,3.17,2,lCb,11.073,0.3725926
3K1,9.01,2,lCb,10.457001,-0.0169985
97R,17.93,2,lCb,13.020999,1.6753396
8B3,13.09,2,lCb,8.329,-1.3598431
7F0,11.2,2,lCb,12.372999,1.1128719
4Q6,3.22,2,lCb,7.662,-1.7684959
2I1,10.27,2,lCb,8.358,-1.5435601
1V8,4.31,2,lCb,7.0130005,-2.3907928
0B9,12.11,2,lCb,11.609999,0.7699933
3T5,5.12,2,lCb,10.691,0.105981365
7M4,8.15,2,lCb,14.256,2.0905647
4Q6,3.22,2,lCb,9.476,-0.6522012
5H6,11.03,2,lCb,7.6539993,-1.7052635
3K1,9.01,2,lCb,11.622,0.6044434
3R7,3.32,2,lCb,7.932,-1.6266198
3T5,5.12,2,lCb,7.053,-2.3943245
6L4,8.2,2,lCb,10.083999,-0.20072863
41N,16.74,2,lCb,8.553,-1.0711901
3R7,3.32,2,lCb,4.856,-3.8137555
3T5,5.12,2,lCb,10.6,0.03410921
3T5,5.12,2,lCb,7.331,-2.127763
98V,16.03,2,lCb,14.157,2.4258406
7M4,8.15,2,lCb,13.469,1.7695512
7F0,11.2,2,lCb,13.038,1.3463527
4Q6,3.22,2,lCb,6.486,-2.488926
6L4,8.2,2,lCb,9.1970005,-0.7832304
1L1,8.17,2,lCb,8.21,-1.5721028
7F0,11.2,2,lCb,11.3810005,0.71978074
0B9,12.11,2,lCb,10.838,0.26752004
8C9,12.12,2,lCb,15.254999,3.1052334
2C6,14.03,2,lCb,10.3220005,-0.20525874
2C6,14.03,2,lCb,10.385,-0.13535415
55R,14.97,2,lCb,7.915,-1.5220253
97R,17.93,2,lCb,16.09,4.0259767
31S,17.0,2,lCb,12.859001,1.5242273
82V,16.01,2,lCb,13.223,2.0347471
4Q6,3.22,2,lCb,7.0199995,-2.305752
4Q6,3.22,2,lCb,10.879,0.23662478
5H6,11.03,2,lCb,6.127,-3.0791209
4J6,7.15,2,lCb,12.999001,1.4491373
6L4,8.2,2,lCb,12.082999,0.7490808
41N,16.74,2,lCb,14.250999,2.1966991
1V8,4.31,2,lCb,8.938,-1.2362283
2C6,14.03,2,lCb,11.078001,0.42619225
3R7,3.32,2,lCb,4.73,-3.672301
55R,14.97,2,lCb,9.478999,-0.6398865
2I1,10.27,2,lCb,10.394,-0.04651034
4Q6,3.22,2,lCb,9.033,-0.9375484
4Q6,3.22,2,lCb,6.3949995,-3.0732892
4S3,3.18,2,lCb,11.051001,0.5021197
98V,16.03,2,lCb,11.983,0.6239064
98V,16.03,2,lCb,14.529999,3.1026115
4J6,7.15,2,lCb,9.337,-0.77676827
3R7,3.32,2,lCb,10.016001,-0.48529205
3D1,13.11,2,lCb,16.41,3.7468507
82V,16.01,2,lCb,10.966,0.23692565
4J6,7.15,2,lCb,11.4,0.7465043
2C6,14.03,2,lCb,11.34,0.3924845
4S3,3.18,2,lCb,6.4339995,-2.4036283
5R4,6.25,2,lCb,10.124001,-0.26304734
31S,17.0,2,lCb,11.086,0.35590252
4Q6,3.22,2,lCb,5.489,-3.3443522
4J6,7.15,2,lCb,9.807,-0.49793538
4S3,3.18,2,lCb,6.2910004,-2.6308706
3R7,3.32,2,lCb,12.894,1.6026816
55R,14.97,2,lCb,9.941,-0.5425742
1G8,7.88,2,lCb,9.892,-0.5516995
5H6,11.03,2,lCb,9.384,-0.7122209
4Q6,3.22,2,lCb,12.735,1.4588791
5H6,11.03,2,lCb,9.175,-0.86726964
5H6,11.03,2,lCb,9.878,-0.32227618
4J6,7.15,2,lCb,12.870999,1.3932471
4S3,3.18,2,lCb,9.385,-0.6958114
7M4,8.15,2,lCb,9.780001,-0.46789387
8B3,13.09,2,lCb,13.037,1.3858889
8B3,13.09,2,lCb,9.762,-0.7290615
1L1,8.17,2,lCb,7.7190003,-1.7130827
7F0,11.2,2,lCb,8.212999,-1.628538
6D9,13.11,2,lCb,8.33,-1.424189
1G8,7.88,2,lCb,9.628,-0.4705735
7M4,8.15,2,lCb,9.339,-1.003378
97R,17.93,2,lCb,11.983,0.830603
8B3,13.09,2,lCb,10.891001,0.20389
46Z,13.97,2,lCb,14.349001,3.1526957
43N,17.0,2,lCb,12.458,1.2452464
5H6,11.03,2,lCb,7.5239997,-1.772554
4S3,3.18,2,lCb,8.076,-1.8683155
97R,17.93,2,lCb,10.877001,0.15072306
4Q6,3.22,2,lCb,9.473,-0.6479992
6L4,8.2,2,lCb,6.887,-2.3933003
7F0,11.2,2,lCb,8.455,-1.3974426
8I6,9.9,2,lCb,17.159,4.039908
2Q0,3.21,2,lCb,11.106999,0.22632092
2S6,3.17,2,lCb,11.307,0.65200555
4S3,3.18,2,lCb,9.915,-0.41480812
5R4,6.25,2,lCb,7.9440002,-1.9773978
7M4,8.15,2,lCb,11.399,0.7618144
5H6,11.03,2,lCb,10.6050005,0.11961182
5H6,11.03,2,lCb,9.667,-0.648017
2I1,10.27,2,lCb,13.413,1.9286635
1V8,4.31,2,lCb,9.891001,-0.55963826
2V1,4.3,2,lCb,8.726,-1.0312884
2C6,14.03,2,lCb,9.514,-0.66177046
3K1,9.01,2,lCb,9.941,-0.32931262
5R4,6.25,2,lCb,11.161,0.4242012
1L1,8.17,2,lCb,12.34,1.0381807
7F0,11.2,2,lCb,10.106999,-0.34441873
82V,16.01,2,lCb,14.256,2.1835902
82V,16.01,2,lCb,10.972,0.37961596
43N,17.0,2,lCb,11.492,0.5094798
6D9,13.11,2,lCb,10.24,-0.2691307
55R,14.97,2,lCb,11.981,1.0266787
55R,14.97,2,lCb,9.32,-0.83286035
97R,17.93,2,lCb,13.682001,2.3763175
4Q6,3.22,2,lCb,8.259001,-1.4386039
6L4,8.2,2,lCb,8.946001,-1.1767043
6L4,8.2,2,lCb,8.188,-1.6021966
41N,16.74,2,lCb,11.748,0.9113275
41N,16.74,2,lCb,11.476,0.6336979
43N,17.0,2,lCb,10.773,0.09308821
8C9,12.12,2,lCb,8.219,-1.5168523
3E4,11.99,2,lCb,9.402,-0.7939056
3E4,11.99,2,lCb,11.791,0.80400616
6D9,13.11,2,lCb,11.89,0.6955634
3K1,9.01,2,lCb,9.092,-1.1548426
97R,17.93,2,lCb,11.834001,0.7662309
7F0,11.2,2,lCb,10.497,0.0014653772
41N,16.74,2,lCb,11.379999,0.5546791
2I1,10.27,2,lCb,8.247,-1.4103807
1V8,4.31,2,lCb,9.776001,-0.603393
3T5,5.12,2,lCb,11.828001,0.74645936
41N,16.74,2,lCb,11.389,0.59705454
2V1,4.3,2,lCb,10.133,-0.040439088
6D9,13.11,2,lCb,5.626,-3.6694336
3K1,9.01,2,lCb,8.628,-1.1594787
56R,14.95,2,lCb,15.192001,2.8185833
1G8,7.88,2,lCb,10.108,-0.5366439
8B3,13.09,2,lCb,12.603001,1.249831
7F0,11.2,2,lCb,8.432,-1.4418644
5H6,11.03,2,lCb,10.888,0.14507982
6L4,8.2,2,lCb,9.519,-0.74537
2I1,10.27,2,lCb,12.047,0.94139886
1L1,8.17,2,lCb,8.547,-1.4139574
1V8,4.31,2,lCb,10.011,-0.2528159
4S3,3.18,2,lCb,10.790999,0.24505506
3R7,3.32,2,lCb,12.086,0.7422433
97R,17.93,2,lCb,13.464,1.6907439
1L1,8.17,2,lCb,10.507,-0.08146091
6L4,8.2,2,lCb,10.083,-0.33860275
41N,16.74,2,lCb,12.9,1.4794548
0B9,12.11,2,lCb,8.440001,-1.3427792
4S3,3.18,2,lCb,6.39,-2.8496199
3R7,3.32,2,lCb,5.8519998,-3.5749235
55R,14.97,2,lCb,13.381,1.830461
1G8,7.88,2,lCb,9.037001,-1.1511533
5R4,6.25,2,lCb,12.464,1.1846107
91O,15.86,2,lCb,12.974001,1.3183875
6L4,8.2,2,lCb,9.18,-1.0880266
41N,16.74,2,lCb,8.995,-1.1334271
2I1,10.27,2,lCb,8.585001,-1.4960641
56K,19.93,2,lCb,14.895999,2.5910847
5R4,6.25,2,lCb,7.8589997,-1.8699337
5R4,6.25,2,lCb,10.691,0.07348862
1L1,8.17,2,lCb,12.017,0.79626054
7F0,11.2,2,lCb,8.432,-1.4324448
7F0,11.2,2,lCb,11.159,0.17722222
0G3,9.1,2,lCb,10.491,-0.048561055
3T5,5.12,2,lCb,12.94,1.5845152
50P,15.59,2,lCb,12.223,1.1574655
42T,15.96,2,lCb,9.608999,-0.7777061
2F2,11.04,2,lCb,11.852,0.96030116
2V1,4.3,2,lCb,11.775,0.7728353
2Q0,3.21,2,lCb,4.934,-3.6253598
2Q0,3.21,2,lCb,9.464,-0.7227652
3R7,3.32,2,lCb,8.487,-1.3233025
55R,14.97,2,lCb,6.4990005,-2.7522953
2F2,11.04,2,lCb,9.660001,-0.59103876
50P,15.59,2,lCb,9.537,-0.4735559
50P,15.59,2,lCb,11.371,0.41598928
42T,15.96,2,lCb,9.789999,-0.5308066
6L4,8.2,2,lCb,13.408999,1.8355321
2I1,10.27,2,lCb,7.7559996,-1.8341196
0G3,9.1,2,lCb,11.877,0.79548925
74K,20.81,2,lCb,12.063001,0.8160024
3T5,5.12,2,lCb,9.022,-0.9875419
50P,15.59,2,lCb,8.282,-1.8349626
31S,17.0,2,lCb,12.030001,0.7052711
74K,20.81,2,lCb,12.097,1.0371913
1L1,8.17,2,lCb,9.622001,-0.6065288
1L1,8.17,2,lCb,10.648,0.053300194
8C9,12.12,2,lCb,14.073,2.347852
3D1,13.11,2,lCb,13.0460005,1.6221477
8B3,13.09,2,lCb,10.545,0.03435771
82V,16.01,2,lCb,11.975,0.76529336
43N,17.0,2,lCb,10.174,-0.2791169
3R7,3.32,2,lCb,10.061,-0.39364085
37V,15.07,2,lCb,14.041,2.097026
5H6,11.03,2,lCb,11.523,0.6686649
3E4,11.99,2,lCb,9.289,-0.73722684
4J6,7.15,2,lCb,5.796,-2.8495324
2V1,4.3,2,lCb,11.780001,0.81227887
74K,20.81,2,lCb,11.398001,0.5538121
56K,19.93,2,lCb,14.955,2.9402907
4J6,7.15,2,lCb,10.883,0.14385355
1V8,4.31,2,lCb,6.868,-2.4961364
1V8,4.31,2,lCb,9.703,-0.6196727
0B9,12.11,2,lCb,9.989,-0.44624647
4S3,3.18,2,lCb,5.8100004,-2.9158432
3R7,3.32,2,lCb,11.598,0.5673085
4Q6,3.22,2,lCb,8.353999,-1.9105021
2V1,4.3,2,lCb,6.0129995,-2.8966815
4S3,3.18,2,lCb,7.743,-1.5954124
4S3,3.18,2,lCb,6.068,-3.0630343
7F0,11.2,2,lCb,9.671,-0.6852949
4J6,7.15,2,lCb,7.925,-1.537188
2I1,10.27,2,lCb,11.0199995,0.33582404
1L1,8.17,2,lCb,8.288,-1.505963
3D1,13.11,2,lCb,11.366,0.58152705
8B3,13.09,2,lCb,10.573,-0.1432185
41N,16.74,2,lCb,11.219,0.37947065
41N,16.74,2,lCb,14.762999,2.807389
2S6,3.17,2,lCb,10.469,-0.040269222
4S3,3.18,2,lCb,7.8020005,-2.1465037
4S3,3.18,2,lCb,11.469,0.47041133
3R7,3.32,2,lCb,5.2489996,-3.2372437
5R4,6.25,2,lCb,8.35,-1.5376588
31S,17.0,2,lCb,8.102,-1.5922174
5H6,11.03,2,lCb,11.136999,0.38135338
4J6,7.15,2,lCb,10.118,-0.25971913
2I1,10.27,2,lCb,10.125,-0.2592112
82V,16.01,2,lCb,12.705999,1.3969629
82V,16.01,2,lCb,12.181001,1.1006699
0B9,12.11,2,lCb,12.7509985,1.5333863
5H6,11.03,2,lCb,9.5529995,-0.6593105
4J6,7.15,2,lCb,7.5509996,-1.9451959
41N,16.74,2,lCb,14.369,2.7569296
2Q0,3.21,2,lCb,7.5630007,-1.9646753
3R7,3.32,2,lCb,7.8880005,-1.7582139
5H6,11.03,2,lCb,10.410999,-0.06404438
5H6,11.03,2,lCb,8.354,-1.4468739
2C6,14.03,2,lCb,10.978999,0.20032825
3T5,5.12,2,lCb,9.8949995,-0.4617869
5H6,11.03,2,lCb,8.953,-1.2102326
4J6,7.15,2,lCb,10.212,-0.37840602
41N,16.74,2,lCb,13.7039995,2.102812
50P,15.59,2,lCb,9.231,-0.88984555
74K,20.81,2,lCb,11.419999,0.62637776
4Q6,3.22,2,lCb,5.45,-3.7826455
4J6,7.15,2,lCb,10.639,0.17997302
41N,16.74,2,lCb,10.877001,0.18957122
2V1,4.3,2,lCb,13.006,1.5994209
2C6,14.03,2,lCb,9.9939995,-0.4050757
3T5,5.12,2,lCb,10.517,-0.121065594
1G8,7.88,2,lCb,13.879001,1.9900459
50P,15.59,2,lCb,12.5720005,1.5855851
4Q6,3.22,2,lCb,10.232,-0.36638176
5H6,11.03,2,lCb,8.983,-0.9761498
6L4,8.2,2,lCb,9.096001,-0.9927148
1L1,8.17,2,lCb,9.228,-0.7298303
2C6,14.03,2,lCb,8.909,-1.1608521
3R7,3.32,2,lCb,7.7380004,-1.6600516
6D9,13.11,2,lCb,9.442999,-0.50090855
3K1,9.01,2,lCb,10.291,-0.1505778
2F2,11.04,2,lCb,12.865,1.3360064
74K,20.81,2,lCb,9.402,-0.70333827
5H6,11.03,2,lCb,12.7109995,1.1774125
7F0,11.2,2,lCb,7.931999,-1.695744
82V,16.01,2,lCb,12.815999,1.3829557
0B9,12.11,2,lCb,12.546,1.3363138
2C6,14.03,2,lCb,13.571001,1.8101621
3D1,13.11,2,lCb,15.496,3.2416694
5R4,6.25,2,lCb,8.068001,-1.4223661
50P,15.59,2,lCb,11.625001,0.5661997
50P,15.59,2,lCb,9.905001,-0.4046149
4Q6,3.22,2,lCb,9.062,-1.0939244
4J6,7.15,2,lCb,12.261,1.162337
0B9,12.11,2,lCb,12.528,1.28694
0B9,12.11,2,lCb,6.9900002,-2.1705399
2C6,14.03,2,lCb,9.144,-0.98058295
3E4,11.99,2,lCb,13.221998,1.6265415
3R7,3.32,2,lCb,6.229,-3.2963824
55R,14.97,2,lCb,7.051,-2.1930106
4J6,7.15,2,lCb,11.148001,0.34175634
1V8,4.31,2,lCb,7.2380004,-2.1386654
2I1,10.27,2,lCb,10.505,-0.13350964
42T,15.96,2,lCb,7.857,-1.6609362
98V,16.03,2,lCb,14.006999,2.1639738
82V,16.01,2,lCb,12.651,1.2671539
4S3,3.18,2,lCb,9.792001,-0.48477522
3K1,9.01,2,lCb,9.405,-0.5644051
55R,14.97,2,lCb,11.952,0.95701206
98V,16.03,2,lCb,15.08,3.3607361
97R,17.93,2,lCb,11.893,0.9276214
8B3,13.09,2,lCb,9.409,-0.5725508
4J6,7.15,2,lCb,6.949,-2.089504
41N,16.74,2,lCb,7.7930007,-1.9361277
0B9,12.11,2,lCb,13.183001,1.5229495
2Q0,3.21,2,lCb,7.543,-1.8766128
43N,17.0,2,lCb,11.303,0.3879411
1L1,8.17,2,lCb,9.865,-0.45969915
7F0,11.2,2,lCb,7.371,-2.2038555
2C6,14.03,2,lCb,11.939,0.9808139
6D9,13.11,2,lCb,9.057,-0.913453
98V,16.03,2,lCb,13.030001,1.2745392
2F2,11.04,2,lCb,8.745,-1.3405818
4Q6,3.22,2,lCb,9.702,-0.43190423
2I1,10.27,2,lCb,11.8689995,0.76042795
0B9,12.11,2,lCb,14.578,2.5620086
2C6,14.03,2,lCb,11.764999,0.8299694
2S6,3.17,2,lCb,11.364,0.4078036
2F2,11.04,2,lCb,10.681,-0.12749125
4S3,3.18,2,lCb,10.835,0.33607888
3R7,3.32,2,lCb,10.768,0.08457281
3D1,13.11,2,lCb,10.097999,-0.4927562
97R,17.93,2,lCb,7.1740007,-1.8762753
6L4,8.2,2,lCb,14.508,2.399186
0B9,12.11,2,lCb,11.6449995,0.7456256
3R7,3.32,2,lCb,6.311,-3.292138
97R,17.93,2,lCb,15.357999,3.1605628
5H6,11.03,2,lCb,9.971001,-0.23810168
6L4,8.2,2,lCb,8.198,-1.581948
37V,15.07,2,lCb,14.137001,2.260104
1G8,7.88,2,lCb,11.257,0.29863504
2F2,11.04,2,lCb,9.907999,-0.41878572
2F2,11.04,2,lCb,13.869,2.2969093
0B9,12.11,2,lCb,12.08,1.0368441
5R4,6.25,2,lCb,11.456999,0.6673369
50P,15.59,2,lCb,7.458,-2.2362256
7F0,11.2,2,lCb,8.53,-1.1687006
43N,17.0,2,lCb,12.790001,1.3440359
1L1,8.17,2,lCb,10.198999,-0.320597
3R7,3.32,2,lCb,9.021,-0.9122173
55R,14.97,2,lCb,11.75,0.7794345
3T5,5.12,2,lCb,9.595,-0.6396887
7M4,8.15,2,lCb,8.386,-1.6471885
5H6,11.03,2,lCb,10.972,0.20091444
5H6,11.03,2,lCb,8.601999,-1.1710687
7F0,11.2,2,lCb,9.685999,-0.5566964
8C9,12.12,2,lCb,12.28,0.8707054
2F2,11.04,2,lCb,10.879999,0.18351915
82V,16.01,2,lCb,11.336,0.54611987
4S3,3.18,2,lCb,6.553,-2.1787002
4S3,3.18,2,lCb,7.7549996,-1.8452812
3T5,5.12,2,lCb,8.919001,-1.0989078
3R7,3.32,2,lCb,7.8089995,-1.8038154
55R,14.97,2,lCb,10.087,-0.33688426
5H6,11.03,2,lCb,10.846999,0.20254736
4S3,3.18,2,lCb,7.3440003,-2.3871934
8B3,13.09,2,lCb,10.698,0.1295894
8B3,13.09,2,lCb,10.184,-0.4082753
4Q6,3.22,2,lCb,9.224999,-0.82886004
41N,16.74,2,lCb,14.815001,2.805073
2V1,4.3,2,lCb,9.177,-1.0313181
2C6,14.03,2,lCb,11.388,0.4346961
2S6,3.17,2,lCb,8.870001,-1.2212425
3K1,9.01,2,lCb,10.28,-0.15384619
4Q6,3.22,2,lCb,5.775,-2.7333283
4Q6,3.22,2,lCb,6.951,-2.3925908
2V1,4.3,2,lCb,7.086,-2.1879435
8B3,13.09,2,lCb,8.929999,-1.2311186
7F0,11.2,2,lCb,9.183,-1.1036938
0B9,12.11,2,lCb,8.441,-1.4174457
4S3,3.18,2,lCb,6.017,-3.0510218
4J6,7.15,2,lCb,8.72,-1.2554127
0G3,9.1,2,lCb,15.184999,3.3203216
43N,17.0,2,lCb,9.917,-0.4697412
37V,15.07,2,lCb,9.363001,-0.7673376
50P,15.59,2,lCb,10.096,-0.42359748
50P,15.59,2,lCb,8.423,-1.4324397
7M4,8.15,2,lCb,12.963,1.7353812
46Z,13.97,2,lCb,9.753,-0.7695879
8B3,13.09,2,lCb,11.4279995,0.6107741
3R7,3.32,2,lCb,13.209999,1.7302037
3T5,5.12,2,lCb,12.147,1.0118296
2F2,11.04,2,lCb,12.098,1.0066682
97R,17.93,2,lCb,11.224,0.4159981
8B3,13.09,2,lCb,11.889,0.95511854
5H6,11.03,2,lCb,10.297,-0.21634488
5H6,11.03,2,lCb,7.45,-2.2268176
3T5,5.12,2,lCb,9.382,-0.9313075
41N,16.74,2,lCb,9.992,-0.493486
1V8,4.31,2,lCb,6.4950004,-3.2933285
2Q0,3.21,2,lCb,7.051,-2.2728226
4S3,3.18,2,lCb,10.483,0.020217761
3R7,3.32,2,lCb,5.434,-3.400741
8M0,8.12,2,lCb,14.006001,2.2402163
8B3,13.09,2,lCb,10.728999,0.011619673
31S,17.0,2,lCb,12.525,1.4029433
82V,16.01,2,lCb,10.82,0.15246072
5H6,11.03,2,lCb,12.226,0.9305584
6L4,8.2,2,lCb,7.269,-1.8107936
41N,16.74,2,lCb,10.816,0.06848326
82V,16.01,2,lCb,11.815001,0.86047167
7M4,8.15,2,lCb,9.782,-0.5289561
42T,15.96,2,lCb,13.823,2.0775495
5H6,11.03,2,lCb,10.6970005,-0.042808484
2V1,4.3,2,lCb,10.632001,-0.074739434
3E4,11.99,2,lCb,12.205,1.2056404
8I6,9.9,2,lCb,16.747,4.201592
3R7,3.32,2,lCb,9.741,-0.6972619
42T,15.96,2,lCb,8.056999,-1.8719091
31S,17.0,2,lCb,11.396,0.68443483
5H6,11.03,2,lCb,7.7699995,-1.9440546
6L4,8.2,2,lCb,7.814,-1.5890588
3K1,9.01,2,lCb,11.395,0.56007814
98V,16.03,2,lCb,12.962,1.4025846
2I1,10.27,2,lCb,8.968,-1.2058153
4J6,7.15,2,lCb,7.646,-1.8016207
41N,16.74,2,lCb,11.426,0.44750696
1L1,8.17,2,lCb,9.053999,-1.0324507
74K,20.81,2,lCb,9.509,-0.6285236
8I6,9.9,2,lCb,14.9539995,2.7491245
2Q0,3.21,2,lCb,6.6759996,-2.670908
3R7,3.32,2,lCb,10.913,0.27978683
3K1,9.01,2,lCb,11.934,0.89090157
3R7,3.32,2,lCb,6.1489997,-3.2461953
37V,15.07,2,lCb,13.747999,1.9138072
4Q6,3.22,2,lCb,8.712,-1.2445495
5H6,11.03,2,lCb,11.852999,0.82502306
41N,16.74,2,lCb,13.156001,1.6909621
3T5,5.12,2,lCb,10.59,-0.09380913
6D9,13.11,2,lCb,12.01,0.81862867
7M4,8.15,2,lCb,12.3289995,1.1058227
5H6,11.03,2,lCb,13.452001,1.5917107
1L1,8.17,2,lCb,9.149,-0.91960233
0G3,9.1,2,lCb,15.494,2.9599776
8B3,13.09,2,lCb,12.867,1.5543131
6L4,8.2,2,lCb,10.439,-0.2311854
2V1,4.3,2,lCb,9.648,-0.738332
2V1,4.3,2,lCb,9.042001,-0.88312703
82V,16.01,2,lCb,11.251,0.3609598
2S6,3.17,2,lCb,10.668,0.097904414
2S6,3.17,2,lCb,10.044001,-0.3216291
4S3,3.18,2,lCb,5.548,-2.8423512
2F2,11.04,2,lCb,11.247,0.28601688
8B3,13.09,2,lCb,11.482,0.5424679
4Q6,3.22,2,lCb,11.367,0.507792
41N,16.74,2,lCb,10.19,-0.21920723
82V,16.01,2,lCb,9.95,-0.46855026
2C6,14.03,2,lCb,10.243,-0.22857301
4S3,3.18,2,lCb,8.693,-1.4196469
4S3,3.18,2,lCb,8.492001,-1.4506077
3R7,3.32,2,lCb,9.07,-1.061301
55R,14.97,2,lCb,12.735999,1.3658359
97R,17.93,2,lCb,16.013,3.631458
0G3,9.1,2,lCb,10.483999,0.026960617
82V,16.01,2,lCb,12.275,1.4812418
0B9,12.11,2,lCb,8.415001,-1.510735
3E4,11.99,2,lCb,10.991,0.18185061
3T5,5.12,2,lCb,9.1970005,-0.7864754
98V,16.03,2,lCb,13.566999,1.8050649
4J6,7.15,2,lCb,9.344,-0.6068723
41N,16.74,2,lCb,11.531,0.6506425
1V8,4.31,2,lCb,7.5550003,-1.8984134
2C6,14.03,2,lCb,14.497,2.5607243
4S3,3.18,2,lCb,10.165,-0.27308276
2S2,6.31,2,lCb,8.851,-1.3034345
8B3,13.09,2,lCb,9.888,-0.53323627
4Q6,3.22,2,lCb,9.122,-1.2133365
5H6,11.03,2,lCb,10.853,0.15486366
41N,16.74,2,lCb,14.0130005,2.2535348
2I1,10.27,2,lCb,9.386,-0.9390613
1V8,4.31,2,lCb,11.396,0.5488388
1V8,4.31,2,lCb,6.9909997,-2.032878
7F0,11.2,2,lCb,8.294,-1.5565412
2C6,14.03,2,lCb,11.830999,0.9111712
3K1,9.01,2,lCb,10.17,-0.25937
8B3,13.09,2,lCb,12.772,1.2679856
6L4,8.2,2,lCb,11.8029995,0.7062194
6L4,8.2,2,lCb,11.159999,0.26688337
6L4,8.2,2,lCb,10.309,-0.13309059
82V,16.01,2,lCb,10.28,-0.20000151
2C6,14.03,2,lCb,12.379,1.2249905
3T5,5.12,2,lCb,9.9939995,-0.30983377
4J6,7.15,2,lCb,8.654,-1.3123308
4J6,7.15,2,lCb,5.4700003,-3.1507986
6L4,8.2,2,lCb,8.748,-1.0303735
1V8,4.31,2,lCb,11.173001,0.32336643
7F0,11.2,2,lCb,12.441999,1.2508324
2S6,3.17,2,lCb,9.778,-0.46161613
8M0,8.12,2,lCb,12.539,1.0987884
2F2,11.04,2,lCb,9.525,-0.6482302
4J6,7.15,2,lCb,11.526,0.49204105
1L1,8.17,2,lCb,9.79,-0.50905466
82V,16.01,2,lCb,10.222,-0.22797099
2S2,6.31,2,lCb,9.242001,-0.8151438
98V,16.03,2,lCb,11.868,0.93711704
8B3,13.09,2,lCb,12.578,1.2473091
82V,16.01,2,lCb,14.620999,2.4705217
5H6,11.03,2,lCb,7.561,-2.1018236
4J6,7.15,2,lCb,9.988001,-0.5057389
41N,16.74,2,lCb,11.971,1.0053747
41N,16.74,2,lCb,12.207999,1.0688019
7F0,11.2,2,lCb,10.713,0.065974794
0G3,9.1,2,lCb,8.528,-1.2675076
43N,17.0,2,lCb,12.753,1.4776585
0B9,12.11,2,lCb,7.9230003,-1.6517483
8I6,9.9,2,lCb,15.268,2.9437551
1G8,7.88,2,lCb,9.726999,-0.73188615
6D9,13.11,2,lCb,9.911,-0.4315903
2F2,11.04,2,lCb,8.374001,-1.3930199
4Q6,3.22,2,lCb,10.993,0.20425549
4Q6,3.22,2,lCb,4.938,-3.8064175
5H6,11.03,2,lCb,7.0020003,-2.3854256
4J6,7.15,2,lCb,10.497999,-0.15999174
41N,16.74,2,lCb,9.794001,-0.58084893
2C6,14.03,2,lCb,10.887,0.10849405
3R7,3.32,2,lCb,10.746,0.051250026
42T,15.96,2,lCb,10.058001,-0.46845913
4J6,7.15,2,lCb,8.24,-1.4686178
2V1,4.3,2,lCb,8.195,-1.5850176
82V,16.01,2,lCb,13.144,1.6047623
2C6,14.03,2,lCb,14.646001,2.6862357
2Q0,3.21,2,lCb,3.3700001,-4.5018897
6D9,13.11,2,lCb,13.422999,2.1228814
2F2,11.04,2,lCb,9.725,-0.4782818
6L4,8.2,2,lCb,9.172,-0.8572085
2V1,4.3,2,lCb,6.682,-2.5673144
0B9,12.11,2,lCb,10.640999,-0.05742332
2C6,14.03,2,lCb,10.490999,-0.122546665
4S3,3.18,2,lCb,5.812,-2.8896766
3T5,5.12,2,lCb,9.982,-0.46579957
8M0,8.12,2,lCb,9.685999,-0.49581033
5R4,6.25,2,lCb,4.532,-4.501306
97R,17.93,2,lCb,12.165,0.9476925
0B9,12.11,2,lCb,9.039,-0.9507678
4S3,3.18,2,lCb,10.036,-0.31134382
8M0,8.12,2,lCb,13.247999,1.817912
3K1,9.01,2,lCb,10.523001,-0.05707566
3T5,5.12,2,lCb,8.636999,-1.3586848
3T5,5.12,2,lCb,10.587,-0.18319787
1G8,7.88,2,lCb,12.216999,1.1387537
5R4,6.25,2,lCb,10.109,-0.34072798
97R,17.93,2,lCb,13.606,2.2217593
5R4,6.25,2,lCb,12.869,1.4310899
5H6,11.03,2,lCb,12.344,1.1634305
4J6,7.15,2,lCb,10.784999,-0.0062841233
6L4,8.2,2,lCb,7.503,-1.8859146
2C6,14.03,2,lCb,7.8509994,-1.37678
50P,15.59,2,lCb,9.554999,-0.8046329
74K,20.81,2,lCb,14.873001,2.743333
82V,16.01,2,lCb,15.983,3.619198
82V,16.01,2,lCb,13.365,1.8033583
43N,17.0,2,lCb,13.648999,2.1552567
3R7,3.32,2,lCb,6.5810003,-2.7602665
55R,14.97,2,lCb,9.023,-1.0615454
1G8,7.88,2,lCb,10.253,-0.10695479
4Q6,3.22,2,lCb,7.7419996,-1.6937016
4J6,7.15,2,lCb,8.634,-1.1737103
2C6,14.03,2,lCb,10.833,0.098399684
3R7,3.32,2,lCb,9.38,-0.6543279
3K1,9.01,2,lCb,12.740001,1.410352
55R,14.97,2,lCb,7.113,-2.139723
2F2,11.04,2,lCb,11.881,0.86292547
82V,16.01,2,lCb,12.377999,1.2635894
43N,17.0,2,lCb,10.165,-0.23588245
4Q6,3.22,2,lCb,9.674001,-0.5610515
5H6,11.03,2,lCb,8.833,-1.5605724
4J6,7.15,2,lCb,10.886,0.3871853
2S6,3.17,2,lCb,12.02,1.0166172
3R7,3.32,2,lCb,8.563999,-1.3724728
3K1,9.01,2,lCb,10.148,-0.42296785
3T5,5.12,2,lCb,13.136,1.6475352
55R,14.97,2,lCb,13.615,2.0115225
98V,16.03,2,lCb,10.125,-0.19675718
50P,15.59,2,lCb,11.369,0.30953306
41N,16.74,2,lCb,14.597,2.5210176
3R7,3.32,2,lCb,10.196,-0.27389407
3D1,13.11,2,lCb,10.787,0.16815591
1G8,7.88,2,lCb,11.351999,0.5552712
56R,14.95,2,lCb,15.048001,2.8068707
4Q6,3.22,2,lCb,8.363999,-1.3215381
6L4,8.2,2,lCb,9.742,-0.97332835
82V,16.01,2,lCb,11.521001,0.591595
3K1,9.01,2,lCb,9.98,-0.61360735
98V,16.03,2,lCb,13.728,2.2527866
97R,17.93,2,lCb,15.363001,2.8918884
31S,17.0,2,lCb,12.191999,0.96161073
4Q6,3.22,2,lCb,9.717999,-0.53417414
41N,16.74,2,lCb,9.596,-0.71685225
2V1,4.3,2,lCb,7.896,-1.8598896
82V,16.01,2,lCb,15.01,2.7280755
0B9,12.11,2,lCb,11.323,0.49581316
2Q0,3.21,2,lCb,7.5549994,-1.756285
3R7,3.32,2,lCb,7.0299997,-2.5936155
50P,15.59,2,lCb,15.569,3.4769342
97R,17.93,2,lCb,8.650001,-1.2342452
2F2,11.04,2,lCb,12.271999,1.1319548
74K,20.81,2,lCb,14.7,2.651312
43N,17.0,2,lCb,8.132999,-1.709599
2C6,14.03,2,lCb,10.614,0.02119835
3T5,5.12,2,lCb,10.0199995,-0.342358
2F2,11.04,2,lCb,9.922999,-0.5251377
50P,15.59,2,lCb,13.641001,1.9521338
7M4,8.15,2,lCb,15.212,3.3567224
4Q6,3.22,2,lCb,6.07,-2.7377203
4J6,7.15,2,lCb,9.989,-0.45287588
6L4,8.2,2,lCb,7.4869995,-2.1783216
0B9,12.11,2,lCb,9.8220005,-0.5356796
2C6,14.03,2,lCb,9.451,-0.85991454
8I6,9.9,2,lCb,14.245,2.4657993
2S6,3.17,2,lCb,12.759,1.3924487
55R,14.97,2,lCb,11.646999,0.77219415
98V,16.03,2,lCb,16.685999,3.7756922
2C6,14.03,2,lCb,12.55,1.3178468
3R7,3.32,2,lCb,8.356999,-1.4489709
3K1,9.01,2,lCb,10.742,0.22128397
5R4,6.25,2,lCb,6.972,-2.3197649
98V,16.03,2,lCb,13.714002,1.8750541
7M4,8.15,2,lCb,12.761999,1.3569477
97R,17.93,2,lCb,12.217,1.062707
43N,17.0,2,lCb,9.400999,-0.86911696
5R4,6.25,2,lCb,9.422999,-0.8104844
42T,15.96,2,lCb,5.6920004,-3.1959252
41N,16.74,2,lCb,9.143001,-0.86013514
56K,19.93,2,lCb,10.389,-0.044673443
56K,19.93,2,lCb,11.444,0.5339872
43N,17.0,2,lCb,11.447,0.5990869
8C9,12.12,2,lCb,12.223001,1.1116393
6D9,13.11,2,lCb,13.35,1.8615508
5R4,6.25,2,lCb,4.91,-3.7147367
5R4,6.25,2,lCb,11.191999,0.25851384
6L4,8.2,2,lCb,9.741999,-0.6461035
43N,17.0,2,lCb,13.545,1.8345612
0B9,12.11,2,lCb,13.729001,2.196486
2C6,14.03,2,lCb,8.738999,-1.1344519
3E4,11.99,2,lCb,5.8900003,-2.6569214
3K1,9.01,2,lCb,10.11,-0.30529696
2F2,11.04,2,lCb,11.589999,0.68931556
1L1,8.17,2,lCb,12.096,1.0484699
4J6,7.15,2,lCb,10.966,0.23787642
4J6,7.15,2,lCb,6.2050004,-2.6370857
6L4,8.2,2,lCb,6.3850007,-2.7446778
56K,19.93,2,lCb,14.420001,2.486528
43N,17.0,2,lCb,11.613001,0.55045986
8C9,12.12,2,lCb,14.916,2.9697666
3R7,3.32,2,lCb,7.2409997,-1.939354
55R,14.97,2,lCb,9.45,-0.89703
55R,14.97,2,lCb,9.318999,-0.78919977
1G8,7.88,2,lCb,9.704,-0.49791119
4Q6,3.22,2,lCb,7.963,-1.8015865
5H6,11.03,2,lCb,8.111,-1.8908579
0B9,12.11,2,lCb,9.667001,-0.9244419
4S3,3.18,2,lCb,9.101,-0.8912385
3D1,13.11,2,lCb,13.076999,1.8310608
3T5,5.12,2,lCb,9.898,-0.29806846
5R4,6.25,2,lCb,8.5789995,-1.3605855
8B3,13.09,2,lCb,10.455,-0.38710693
1L1,8.17,2,lCb,9.3880005,-0.76251113
7F0,11.2,2,lCb,9.917,-0.5568007
8B3,13.09,2,lCb,9.337999,-0.9744127
2V1,4.3,2,lCb,9.744,-0.4937231
56K,19.93,2,lCb,13.826001,2.188015
43N,17.0,2,lCb,12.846001,1.1758319
0B9,12.11,2,lCb,9.797998,-0.39089173
4S3,3.18,2,lCb,7.882,-1.7063484
2S6,3.17,2,lCb,13.210001,1.6539721
5H6,11.03,2,lCb,11.44,0.4079268
0G3,9.1,2,lCb,8.351,-1.4869123
4S3,3.18,2,lCb,9.211,-0.84064496
37V,15.07,2,lCb,15.135999,2.963234
6L4,8.2,2,lCb,10.198999,-0.21189244
2V1,4.3,2,lCb,6.5099998,-2.613843
7F0,11.2,2,lCb,9.836,-0.41658726
0G3,9.1,2,lCb,15.794001,3.4334922
3D1,13.11,2,lCb,12.385,1.356894
3R7,3.32,2,lCb,4.492,-3.6764798
3K1,9.01,2,lCb,7.29,-2.5554993
3K1,9.01,2,lCb,8.99,-1.1768692
3D1,13.11,2,lCb,11.703,0.5323737
5R4,6.25,2,lCb,13.639999,1.9575156
7F0,11.2,2,lCb,9.919001,-0.5943854
2S6,3.17,2,lCb,10.057001,-0.32229403
37V,15.07,2,lCb,12.511999,1.2653406
3T5,5.12,2,lCb,10.148,-0.34848866
3T5,5.12,2,lCb,7.8479996,-1.639197
3K1,9.01,2,lCb,8.606001,-1.3429791
3T5,5.12,2,lCb,10.226,-0.34198606
2C6,14.03,2,lCb,10.580999,0.025597466
3K1,9.01,2,lCb,10.495,-0.13649707
55R,14.97,2,lCb,10.913,0.27053857
5R4,6.25,2,lCb,8.936999,-1.0675932
74K,20.81,2,lCb,11.191,0.52406526
0B9,12.11,2,lCb,10.273001,-0.09694527
3R7,3.32,2,lCb,7.002,-2.2454782
7M4,8.15,2,lCb,11.191999,0.49001664
5H6,11.03,2,lCb,10.453,-0.23576021
2I1,10.27,2,lCb,11.574,0.6983869
41N,16.74,2,lCb,10.221999,-0.28723976
2I1,10.27,2,lCb,10.641,0.03540286
2I1,10.27,2,lCb,8.836,-0.9448113
7F0,11.2,2,lCb,9.762,-0.46591428
2S6,3.17,2,lCb,15.992999,3.1549845
4S3,3.18,2,lCb,8.45,-1.2372036
3R7,3.32,2,lCb,8.232,-1.416431
3R7,3.32,2,lCb,8.393,-1.1068039
3R7,3.32,2,lCb,5.508,-3.4811625
5H6,11.03,2,lCb,11.039999,0.24715246
2I1,10.27,2,lCb,10.914,0.18919355
2C6,14.03,2,lCb,7.6689997,-1.7115333
2C6,14.03,2,lCb,12.051001,1.1055146
3K1,9.01,2,lCb,14.286,2.3025393
3K1,9.01,2,lCb,10.591001,0.055414476
3T5,5.12,2,lCb,8.334,-1.5149077
5R4,6.25,2,lCb,12.569,1.1928954
42T,15.96,2,lCb,13.259,1.8541683
41N,16.74,2,lCb,13.309,1.5674907
41N,16.74,2,lCb,5.867,-3.162179
3K1,9.01,2,lCb,8.282,-1.686709
6D9,13.11,2,lCb,9.514999,-0.9581124
3K1,9.01,2,lCb,8.927,-0.9661444
50P,15.59,2,lCb,10.280999,-0.10480511
97R,17.93,2,lCb,15.445,3.5552716
98V,16.03,2,lCb,12.118,0.9732167
41N,16.74,2,lCb,7.5929995,-2.280901
0G3,9.1,2,lCb,10.587,-0.04237921
43N,17.0,2,lCb,11.168001,0.36776885
0B9,12.11,2,lCb,12.635,1.5302011
3D1,13.11,2,lCb,10.790999,0.06969102
4Q6,3.22,2,lCb,12.135,0.9830002
2I1,10.27,2,lCb,10.284,-0.283427
2I1,10.27,2,lCb,11.790999,0.87074953
1L1,8.17,2,lCb,10.073999,-0.29217565
82V,16.01,2,lCb,14.512999,2.8212793
3E4,11.99,2,lCb,10.21,-0.37691048
3T5,5.12,2,lCb,10.658999,-0.09429393
2S2,6.31,2,lCb,11.837,1.0547297
3D1,13.11,2,lCb,14.337999,2.2971923
4J6,7.15,2,lCb,10.842,0.16388136
7F0,11.2,2,lCb,12.59,1.343036
55R,14.97,2,lCb,12.683001,1.1485009
55R,14.97,2,lCb,9.971999,-0.28929433
82V,16.01,2,lCb,10.698,-0.09180472
1V8,4.31,2,lCb,10.974,0.329801
82V,16.01,2,lCb,12.651,1.5127683
43N,17.0,2,lCb,13.823001,2.329689
2C6,14.03,2,lCb,10.701999,0.06022652
4S3,3.18,2,lCb,6.3170004,-2.6832476
1L1,8.17,2,lCb,10.690001,0.09904427
7F0,11.2,2,lCb,8.278,-1.413049
37V,15.07,2,lCb,13.314,1.96986
98V,16.03,2,lCb,11.699,0.6415771
4S3,3.18,2,lCb,7.8410006,-2.0301259
82V,16.01,2,lCb,13.698,2.2451339
82V,16.01,2,lCb,13.65,2.0441504
82V,16.01,2,lCb,13.403,1.6649446
55R,14.97,2,lCb,10.856001,0.14345706
8B3,13.09,2,lCb,12.0789995,0.9208126
55R,14.97,2,lCb,10.4,-0.19358341
55R,14.97,2,lCb,11.46,0.5819698
7M4,8.15,2,lCb,9.1189995,-0.9557332
42T,15.96,2,lCb,8.134999,-1.5381234
5H6,11.03,2,lCb,9.975,-0.3415459
4J6,7.15,2,lCb,10.986,0.21380468
74K,20.81,2,lCb,9.605,-0.59072036
56K,19.93,2,lCb,10.390001,-0.17400794
3R7,3.32,2,lCb,7.8980002,-1.7659434
3D1,13.11,2,lCb,10.101999,-0.5021821
3R7,3.32,2,lCb,12.948999,1.679863
37V,15.07,2,lCb,10.384001,-0.2710038
3T5,5.12,2,lCb,10.147,-0.42767584
6D9,13.11,2,lCb,11.393999,0.65637976
5R4,6.25,2,lCb,6.845,-2.538917
98V,16.03,2,lCb,14.644,2.5405097
98V,16.03,2,lCb,14.326001,2.5255003
1L1,8.17,2,lCb,8.128,-1.3043336
41N,16.74,2,lCb,10.080999,-0.46386346
41N,16.74,2,lCb,13.540998,2.191689
2C6,14.03,2,lCb,11.464,0.6210474
4S3,3.18,2,lCb,9.581999,-0.757152
3R7,3.32,2,lCb,8.051,-1.8378942
37V,15.07,2,lCb,13.241,2.0388424
97R,17.93,2,lCb,11.328,0.55995244
8B3,13.09,2,lCb,9.106,-0.83801055
6L4,8.2,2,lCb,8.598,-1.4030874
2I1,10.27,2,lCb,12.503,1.1949548
2I1,10.27,2,lCb,10.709001,0.18960336
82V,16.01,2,lCb,10.601999,-0.021177623
3R7,3.32,2,lCb,10.211999,-0.24055502
98V,16.03,2,lCb,12.184999,1.13004
2F2,11.04,2,lCb,12.37,0.9721077
42T,15.96,2,lCb,11.767,0.733102
3E4,11.99,2,lCb,10.151999,-0.1499286
41N,16.74,2,lCb,9.616,-0.58524805
56K,19.93,2,lCb,15.415001,3.1620028
3D1,13.11,2,lCb,13.625999,1.853635
3T5,5.12,2,lCb,10.962999,0.37637892
97R,17.93,2,lCb,12.386999,1.1908789
31S,17.0,2,lCb,10.211,-0.22386612
98V,16.03,2,lCb,9.092,-0.9579924
5H6,11.03,2,lCb,11.118,0.21407042
6L4,8.2,2,lCb,9.138,-0.89318985
6L4,8.2,2,lCb,9.559,-0.8579048
3E4,11.99,2,lCb,11.226,0.49358124
8I6,9.9,2,lCb,15.412,2.8717408
4S3,3.18,2,lCb,10.071,-0.21262738
97R,17.93,2,lCb,15.194998,2.874767
42T,15.96,2,lCb,11.587999,0.7241013
42T,15.96,2,lCb,13.168999,1.5452332
5H6,11.03,2,lCb,13.8029995,2.3530138
43N,17.0,2,lCb,8.493,-1.4114196
2I1,10.27,2,lCb,7.422,-1.8830421
0G3,9.1,2,lCb,10.0199995,-0.43884036
2C6,14.03,2,lCb,13.184,1.69809
6D9,13.11,2,lCb,7.7109995,-2.0656245
8M0,8.12,2,lCb,11.292,0.29679167
3T5,5.12,2,lCb,13.133,1.7117654
2F2,11.04,2,lCb,6.518,-2.5855894
6L4,8.2,2,lCb,11.3949995,0.33826447
5R4,6.25,2,lCb,10.039,-0.44422233
5H6,11.03,2,lCb,10.795,0.0950101
3K1,9.01,2,lCb,8.741,-1.0762233
42T,15.96,2,lCb,10.556,-0.07748628
46Z,13.97,2,lCb,14.4470005,2.567307
97R,17.93,2,lCb,15.194998,2.800178
5H6,11.03,2,lCb,7.614,-2.1858757
4S3,3.18,2,lCb,6.361,-2.6080618
4S3,3.18,2,lCb,9.9939995,-0.44905984
55R,14.97,2,lCb,9.3949995,-0.6003459
98V,16.03,2,lCb,8.400999,-1.2332854
97R,17.93,2,lCb,15.595999,3.390006
2F2,11.04,2,lCb,11.363999,0.3432007
97R,17.93,2,lCb,15.080999,2.6444116
43N,17.0,2,lCb,11.77,0.8255371
5H6,11.03,2,lCb,7.6069994,-1.9267029
41N,16.74,2,lCb,13.666,2.0214136
2V1,4.3,2,lCb,8.357,-1.5275056
82V,16.01,2,lCb,9.781,-0.52327335
0B9,12.11,2,lCb,11.296,0.51107275
0B9,12.11,2,lCb,9.126,-0.844043
8M0,8.12,2,lCb,15.489001,3.0735192
50P,15.59,2,lCb,10.894,0.040394872
42T,15.96,2,lCb,9.67,-0.50198174
5H6,11.03,2,lCb,8.807,-1.0335661
2I1,10.27,2,lCb,12.67,1.2949226
1L1,8.17,2,lCb,10.376,-0.11382483
2V1,4.3,2,lCb,8.476999,-1.4170839
2V1,4.3,2,lCb,9.247,-0.8922163
2Q0,3.21,2,lCb,5.118,-3.9136422
3K1,9.01,2,lCb,10.311,-0.1766525
7M4,8.15,2,lCb,11.087999,0.31553847
4Q6,3.22,2,lCb,13.257001,1.7446775
2V1,4.3,2,lCb,11.953,1.0496488
0G3,9.1,2,lCb,11.379001,0.36117998
82V,16.01,2,lCb,11.77,0.53142977
2C6,14.03,2,lCb,10.008001,-0.31039387
6D9,13.11,2,lCb,8.824,-1.2300051
2C6,14.03,2,lCb,11.244,0.4448884
6D9,13.11,2,lCb,8.845,-1.1798599
2S2,6.31,2,lCb,7.372,-2.2035155
55R,14.97,2,lCb,11.76,0.77905816
31S,17.0,2,lCb,13.934999,1.8224428
2V1,4.3,2,lCb,6.5799994,-2.3601239
0G3,9.1,2,lCb,13.163,1.7167844
0B9,12.11,2,lCb,8.171999,-1.6352769
8I6,9.9,2,lCb,13.253,1.5347308
3T5,5.12,2,lCb,13.329,2.0132833
97R,17.93,2,lCb,14.092999,2.1551816
4Q6,3.22,2,lCb,7.0450006,-1.951637
82V,16.01,2,lCb,13.934001,2.2552714
3K1,9.01,2,lCb,8.166,-1.2578057
1G8,7.88,2,lCb,10.950999,0.1422103
37V,15.07,2,lCb,11.489,0.7405636
82V,16.01,2,lCb,11.573,0.7012673
0B9,12.11,2,lCb,8.096999,-1.6133193
2C6,14.03,2,lCb,9.776,-0.63102174
2C6,14.03,2,lCb,10.906,0.36702585
41N,16.74,2,lCb,11.298,0.4596075
2I1,10.27,2,lCb,12.252,0.9920679
43N,17.0,2,lCb,9.186,-0.9629653
2S2,6.31,2,lCb,11.532,0.6057249
1L1,8.17,2,lCb,9.132999,-0.91115904
4Q6,3.22,2,lCb,8.507999,-1.4679401
41N,16.74,2,lCb,13.0529995,1.467792
4S3,3.18,2,lCb,5.9560003,-3.6972065
3R7,3.32,2,lCb,6.8190002,-2.6665843
1G8,7.88,2,lCb,9.842,-0.6339142
97R,17.93,2,lCb,8.535,-1.3895525
2F2,11.04,2,lCb,7.3689995,-2.1478975
5H6,11.03,2,lCb,9.95,-0.38961878
43N,17.0,2,lCb,10.4800005,0.12233015
4J6,7.15,2,lCb,9.649,-0.6064057
41N,16.74,2,lCb,14.778,2.6384985
43N,17.0,2,lCb,10.514999,-0.09086788
4S3,3.18,2,lCb,8.902999,-1.0388688
8B3,13.09,2,lCb,10.754999,0.04050169
42T,15.96,2,lCb,11.86,0.7255275
43N,17.0,2,lCb,9.673,-0.6316871
5H6,11.03,2,lCb,10.272,-0.24093646
3E4,11.99,2,lCb,9.21,-0.9339185
37V,15.07,2,lCb,12.165999,1.0862961
50P,15.59,2,lCb,9.469,-0.7296472
2F2,11.04,2,lCb,9.732,-0.56647253
5H6,11.03,2,lCb,9.016,-1.2773116
6L4,8.2,2,lCb,7.8039994,-1.6746254
41N,16.74,2,lCb,9.894,-0.38131306
41N,16.74,2,lCb,9.573,-0.85182554
56K,19.93,2,lCb,12.415999,1.2525579
2C6,14.03,2,lCb,11.104,0.3945847
50P,15.59,2,lCb,12.467999,1.1636273
2T6,5.18,2,lCb,7.8669996,-1.6036719
2F2,11.04,2,lCb,13.590001,2.1219788
5H6,11.03,2,lCb,10.5130005,0.086813845
5H6,11.03,2,lCb,7.997,-1.5374941
74K,20.81,2,lCb,12.185999,1.135966
6L4,8.2,2,lCb,11.75,0.7904961
82V,16.01,2,lCb,9.979001,-0.49078906
3E4,11.99,2,lCb,13.847,2.0597947
2I1,10.27,2,lCb,9.422999,-0.85002905
2C6,14.03,2,lCb,12.271,0.9083024
6D9,13.11,2,lCb,10.594999,0.1389149
8M0,8.12,2,lCb,12.565001,1.192024
55R,14.97,2,lCb,10.987,0.20229886
5R4,6.25,2,lCb,6.815,-2.2848396
8B3,13.09,2,lCb,9.642,-0.74092704
4J6,7.15,2,lCb,11.077,0.32215825
7F0,11.2,2,lCb,9.703,-0.6130071
82V,16.01,2,lCb,11.621,0.59597254
4S3,3.18,2,lCb,9.394,-0.74560755
82V,16.01,2,lCb,13.559001,1.8956345
4J6,7.15,2,lCb,11.087,0.4350083
41N,16.74,2,lCb,11.132,0.29051596
1V8,4.31,2,lCb,10.616,-0.05101181
82V,16.01,2,lCb,8.839,-1.0507071
2Q0,3.21,2,lCb,5.3710003,-3.4031556
2F2,11.04,2,lCb,12.441999,1.0569401
31S,17.0,2,lCb,10.085,-0.4863741
42T,15.96,2,lCb,7.674999,-1.9204683
6L4,8.2,2,lCb,8.275,-1.6019207
82V,16.01,2,lCb,13.547,2.5179472
0B9,12.11,2,lCb,11.267,0.40289012
2Q0,3.21,2,lCb,8.724999,-1.266917
3K1,9.01,2,lCb,12.059999,0.8780713
1G8,7.88,2,lCb,10.766999,-0.075954884
5H6,11.03,2,lCb,7.421,-2.334111
5H6,11.03,2,lCb,9.901,-0.19278751
5H6,11.03,2,lCb,9.569,-0.8179657
41N,16.74,2,lCb,9.154,-0.9653072
74K,20.81,2,lCb,11.296,0.4149867
31S,17.0,2,lCb,10.032001,-0.4049149
2I1,10.27,2,lCb,8.059,-1.493886
0G3,9.1,2,lCb,11.585,0.7131547
74K,20.81,2,lCb,9.805,-0.70106745
2C6,14.03,2,lCb,10.6519985,0.08435502
97R,17.93,2,lCb,9.726999,-0.45417592
8B3,13.09,2,lCb,15.441999,3.509953
42T,15.96,2,lCb,7.0769997,-2.1243834
5H6,11.03,2,lCb,9.134,-0.9552253
2V1,4.3,2,lCb,5.9919996,-2.932678
0G3,9.1,2,lCb,13.531,1.8626344
82V,16.01,2,lCb,12.571,1.096686
0B9,12.11,2,lCb,9.266999,-0.8473417
2Q0,3.21,2,lCb,7.3580003,-2.252897
8B3,13.09,2,lCb,12.899,1.6860789
5H6,11.03,2,lCb,10.084,-0.42706063
2S6,3.17,2,lCb,13.722,2.0287154
97R,17.93,2,lCb,11.589,0.82650244
4J6,7.15,2,lCb,6.7439995,-2.7286756
4J6,7.15,2,lCb,11.215,0.30060402
41N,16.74,2,lCb,9.163,-0.78799385
2Q0,3.21,2,lCb,10.106,-0.4458994
6D9,13.11,2,lCb,8.549,-1.4856242
5R4,6.25,2,lCb,9.868,-0.43821207
43N,17.0,2,lCb,13.271001,1.7616949
3E4,11.99,2,lCb,11.132,0.5814139
4Q6,3.22,2,lCb,6.013,-2.8317642
1L1,8.17,2,lCb,7.4829993,-2.0543056
2V1,4.3,2,lCb,11.735,0.7445787
6D9,13.11,2,lCb,10.789999,0.20720182
3T5,5.12,2,lCb,9.508,-0.6575709
50P,15.59,2,lCb,8.235,-1.6687422
5H6,11.03,2,lCb,10.839,0.15666452
5H6,11.03,2,lCb,8.991,-1.1131248
4S3,3.18,2,lCb,6.143,-2.9840615
4S3,3.18,2,lCb,8.091001,-1.5631591
5H6,11.03,2,lCb,9.954,-0.56535345
5H6,11.03,2,lCb,9.639,-0.4254138
4J6,7.15,2,lCb,7.856,-1.6633577
4S3,3.18,2,lCb,4.458,-4.0592175
3R7,3.32,2,lCb,6.025,-3.3801205
6D9,13.11,2,lCb,11.389,0.7332576
4J6,7.15,2,lCb,12.263,1.0080768
6L4,8.2,2,lCb,11.702,0.56674427
41N,16.74,2,lCb,9.898,-0.5172196
7F0,11.2,2,lCb,9.984,-0.25723532
0B9,12.11,2,lCb,14.136999,2.5651214
3R7,3.32,2,lCb,8.277,-1.3844694
3T5,5.12,2,lCb,7.0,-2.5332851
8B3,13.09,2,lCb,9.913,-0.37769717
98V,16.03,2,lCb,14.382001,2.6409202
97R,17.93,2,lCb,12.136,0.9788013
41N,16.74,2,lCb,10.002001,-0.25689292
41N,16.74,2,lCb,13.018,1.5398197
1L1,8.17,2,lCb,11.301001,0.48391291
2V1,4.3,2,lCb,9.611,-0.65607244
74K,20.81,2,lCb,13.495999,1.923478
43N,17.0,2,lCb,7.3410006,-2.2300746
55R,14.97,2,lCb,13.845001,2.0461884
2I1,10.27,2,lCb,8.937,-0.80671436
4S3,3.18,2,lCb,8.125999,-1.5671732
3D1,13.11,2,lCb,10.997001,0.15585616
50P,15.59,2,lCb,12.488999,1.3502983
4Q6,3.22,2,lCb,6.318,-2.6241658
41N,16.74,2,lCb,13.869,1.9573897
41N,16.74,2,lCb,13.747,2.1729765
3T5,5.12,2,lCb,8.714,-1.0611366
1G8,7.88,2,lCb,8.365,-1.5295542
6L4,8.2,2,lCb,9.289999,-0.9431372
5R4,6.25,2,lCb,11.167999,0.38615355
7M4,8.15,2,lCb,16.694,3.7490342
1L1,8.17,2,lCb,8.546,-1.4560522
74K,20.81,2,lCb,11.761001,0.8135122
6D9,13.11,2,lCb,8.943001,-1.1235797
55R,14.97,2,lCb,10.422,-0.08438788
3D1,13.11,2,lCb,13.636,2.0661461
3T5,5.12,2,lCb,9.584,-0.5742929
1L1,8.17,2,lCb,12.282,1.3272129
43N,17.0,2,lCb,8.83,-1.00457
5H6,11.03,2,lCb,8.004999,-1.7334156
4S3,3.18,2,lCb,7.910001,-1.9882988
6D9,13.11,2,lCb,7.1520004,-2.3062863
3T5,5.12,2,lCb,11.967,0.9196047
7M4,8.15,2,lCb,12.478,1.2290651
2T6,5.18,2,lCb,10.497001,-0.007798988
31S,17.0,2,lCb,12.551999,1.2040524
2F2,11.04,2,lCb,10.1380005,-0.24821217
97R,17.93,2,lCb,13.686999,2.169196
3T5,5.12,2,lCb,9.232,-0.8897078
7M4,8.15,2,lCb,9.3,-0.66232693
82V,16.01,2,lCb,12.206,0.9257783
82V,16.01,2,lCb,11.865999,0.71247554
50P,15.59,2,lCb,11.956999,0.76730186
8B3,13.09,2,lCb,15.19,3.2276442
6L4,8.2,2,lCb,9.294001,-0.70291036
2Q0,3.21,2,lCb,8.806,-1.1183468
4S3,3.18,2,lCb,8.4800005,-1.599195
4S3,3.18,2,lCb,7.9439993,-1.4700922
98V,16.03,2,lCb,7.935,-1.5703896
41N,16.74,2,lCb,9.593,-0.660931
6D9,13.11,2,lCb,12.942001,1.650252
6D9,13.11,2,lCb,13.191,1.5293641
1G8,7.88,2,lCb,11.752001,0.82526064
82V,16.01,2,lCb,13.708,2.0472682
41N,16.74,2,lCb,11.478999,0.62756485
0B9,12.11,2,lCb,7.8719993,-1.6078948
2C6,14.03,2,lCb,11.952001,0.86117995
4S3,3.18,2,lCb,9.497999,-0.66401887
55R,14.97,2,lCb,9.826,-0.58358455
7M4,8.15,2,lCb,9.61,-0.6861217
42T,15.96,2,lCb,12.957001,1.7265905
31S,17.0,2,lCb,12.181001,0.9827044
31S,17.0,2,lCb,10.077001,-0.29229563
1V8,4.31,2,lCb,10.417001,-0.08550247
3E4,11.99,2,lCb,9.158999,-1.2975584
3R7,3.32,2,lCb,5.303,-3.3158576
55R,14.97,2,lCb,11.691999,0.9785231
6L4,8.2,2,lCb,12.181999,1.0578156
74K,20.81,2,lCb,10.335001,-0.090307035
5H6,11.03,2,lCb,10.287999,-0.3654147
2Q0,3.21,2,lCb,4.2669997,-3.856012
3R7,3.32,2,lCb,7.8880005,-1.696483
3K1,9.01,2,lCb,9.802,-0.45731077
55R,14.97,2,lCb,11.088,0.31144512
2F2,11.04,2,lCb,12.018999,0.9404909
41N,16.74,2,lCb,11.462,0.5188978
0G3,9.1,2,lCb,16.212002,3.573513
8I6,9.9,2,lCb,16.395,3.7559667
42T,15.96,2,lCb,9.424001,-0.72638845
5H6,11.03,2,lCb,9.309999,-0.73732316
1L1,8.17,2,lCb,10.545,-0.17365034
4S3,3.18,2,lCb,8.242,-1.4866811
2Q0,3.21,2,lCb,9.8029995,-0.4926407
82V,16.01,2,lCb,8.804999,-1.2455438
6L4,8.2,2,lCb,10.759,0.061620265
41N,16.74,2,lCb,9.628,-0.72751737
56K,19.93,2,lCb,11.942999,0.9121127
2Q0,3.21,2,lCb,7.671,-1.9868106
4S3,3.18,2,lCb,10.101,-0.4848721
6D9,13.11,2,lCb,11.705,0.7456951
3K1,9.01,2,lCb,8.915999,-1.0587687
3K1,9.01,2,lCb,8.43,-1.4712415
2I1,10.27,2,lCb,8.725,-1.3915544
5H6,11.03,2,lCb,8.46,-1.1366018
41N,16.74,2,lCb,13.587,1.6839224
3R7,3.32,2,lCb,11.490999,0.57334155
6D9,13.11,2,lCb,9.841,-0.26219502
97R,17.93,2,lCb,15.479001,3.2674935
31S,17.0,2,lCb,11.553999,0.49236032
6D9,13.11,2,lCb,8.43,-1.7796009
55R,14.97,2,lCb,11.400999,0.69415766
82V,16.01,2,lCb,9.226999,-0.86944157
4J6,7.15,2,lCb,9.934,-0.35815224
4J6,7.15,2,lCb,8.473001,-1.3023161
4J6,7.15,2,lCb,11.115999,0.33563465
6D9,13.11,2,lCb,10.619,-0.020707214
3R7,3.32,2,lCb,12.122999,1.0029835
42T,15.96,2,lCb,10.211,-0.1175527
2I1,10.27,2,lCb,9.650999,-0.57428247
1L1,8.17,2,lCb,9.7560005,-0.49204883
1V8,4.31,2,lCb,7.5339994,-2.0343456
7F0,11.2,2,lCb,6.012,-3.0552056
82V,16.01,2,lCb,13.108999,1.7074419
4S3,3.18,2,lCb,9.372,-0.6618485
4Q6,3.22,2,lCb,11.879999,0.787935
5H6,11.03,2,lCb,3.784,-4.251436
4J6,7.15,2,lCb,12.36,1.2548631
1V8,4.31,2,lCb,10.114,-0.53291756
0B9,12.11,2,lCb,14.969,3.1342387
0B9,12.11,2,lCb,10.949,0.3370661
3E4,11.99,2,lCb,10.307,-0.28462255
8B3,13.09,2,lCb,9.24,-0.9576467
41N,16.74,2,lCb,9.518,-0.48193756
41N,16.74,2,lCb,14.275,2.4032733
8C9,12.12,2,lCb,11.848001,0.7817886
2C6,14.03,2,lCb,8.719,-1.3546991
6D9,13.11,2,lCb,14.038,2.6709788
56R,14.95,2,lCb,12.975,1.5356818
7M4,8.15,2,lCb,10.369,-0.04970671
5H6,11.03,2,lCb,10.094,-0.2930341
41N,16.74,2,lCb,8.604,-1.396838
0B9,12.11,2,lCb,11.217999,0.3147488
3E4,11.99,2,lCb,11.861,0.88357526
2S6,3.17,2,lCb,10.938001,0.12438162
4J6,7.15,2,lCb,9.306,-0.9154915
6L4,8.2,2,lCb,8.675,-1.8068204
41N,16.74,2,lCb,9.662001,-0.5742944
4S3,3.18,2,lCb,10.597,0.006184959
6D9,13.11,2,lCb,11.094999,0.2798665
31S,17.0,2,lCb,9.762,-0.66216993
6L4,8.2,2,lCb,6.3890004,-2.4958549
4S3,3.18,2,lCb,10.877001,0.19952245
4S3,3.18,2,lCb,11.443999,0.5430127
3R7,3.32,2,lCb,7.561,-1.8736039
55R,14.97,2,lCb,9.415,-0.8572345
42T,15.96,2,lCb,12.654,1.511659
5H6,11.03,2,lCb,12.908999,1.9202526
3E4,11.99,2,lCb,12.571001,1.4191979
2T6,5.18,2,lCb,10.422999,-0.38392922
5H6,11.03,2,lCb,10.102,-0.43548742
4J6,7.15,2,lCb,9.233,-0.7701083
6L4,8.2,2,lCb,11.165,0.41377023
2I1,10.27,2,lCb,8.974,-1.1046163
2V1,4.3,2,lCb,8.587999,-1.1469371
0B9,12.11,2,lCb,10.416,-0.17916305
98V,16.03,2,lCb,14.391001,2.2416513
42T,15.96,2,lCb,10.102,-0.44202274
82V,16.01,2,lCb,12.314,1.2059551
82V,16.01,2,lCb,10.323,-0.26747802
5H6,11.03,2,lCb,9.922,-0.58567804
6L4,8.2,2,lCb,9.2300005,-0.62486655
82V,16.01,2,lCb,13.282,1.5355064
2C6,14.03,2,lCb,7.621,-1.801033
2C6,14.03,2,lCb,11.165,0.559072
98V,16.03,2,lCb,9.219999,-0.7828312
98V,16.03,2,lCb,11.995,0.9920716
97R,17.93,2,lCb,10.754,0.12823948
2F2,11.04,2,lCb,9.221001,-0.70931005
8B3,13.09,2,lCb,13.044001,1.7731643
43N,17.0,2,lCb,9.587,-0.67860854
2Q0,3.21,2,lCb,11.554999,0.6611983
42T,15.96,2,lCb,8.406,-1.222928
6L4,8.2,2,lCb,7.5590005,-1.9478085
1L1,8.17,2,lCb,12.593,1.3174415
82V,16.01,2,lCb,13.119,1.9672506
5H6,11.03,2,lCb,10.931,0.15560967
4J6,7.15,2,lCb,9.717,-0.54588366
6L4,8.2,2,lCb,10.162001,-0.30139878
6L4,8.2,2,lCb,8.283999,-1.3479298
6L4,8.2,2,lCb,12.191999,1.1604295
41N,16.74,2,lCb,8.629999,-1.3242748
3E4,11.99,2,lCb,11.052,0.23763685
3R7,3.32,2,lCb,7.84,-1.8956593
2S2,6.31,2,lCb,10.015,-0.4430405
5R4,6.25,2,lCb,8.591001,-1.3139107
8B3,13.09,2,lCb,13.683001,2.3513682
6L4,8.2,2,lCb,11.191,0.39247414
37V,15.07,2,lCb,14.056,1.899587
8B3,13.09,2,lCb,9.839999,-0.56582206
2F2,11.04,2,lCb,13.485001,1.6371558
8B3,13.09,2,lCb,12.206999,0.91434765
5H6,11.03,2,lCb,8.941,-1.1568385
82V,16.01,2,lCb,9.954,-0.43540174
6L4,8.2,2,lCb,10.709001,-0.048083995
43N,17.0,2,lCb,10.794001,0.09718822
3R7,3.32,2,lCb,8.871,-1.1543523
3K1,9.01,2,lCb,13.865,2.0688558
6D9,13.11,2,lCb,15.099001,3.1033394
1L1,8.17,2,lCb,11.6310005,0.91046715
1V8,4.31,2,lCb,9.981,-0.42365757
0B9,12.11,2,lCb,9.689,-0.6951327
2C6,14.03,2,lCb,9.368,-0.79645413
5R4,6.25,2,lCb,8.686999,-1.0789168
8B3,13.09,2,lCb,12.124,0.93222356
4J6,7.15,2,lCb,8.162001,-1.5155241
0G3,9.1,2,lCb,8.154,-1.2751467
3R7,3.32,2,lCb,10.95,0.1866064
3K1,9.01,2,lCb,7.5619993,-2.1792192
8B3,13.09,2,lCb,10.518999,0.008101377
1L1,8.17,2,lCb,12.735,1.3864269
2V1,4.3,2,lCb,13.058001,1.6007043
2C6,14.03,2,lCb,10.371,-0.19713546
37V,15.07,2,lCb,12.532999,1.159096
3K1,9.01,2,lCb,12.082,1.0383502
8B3,13.09,2,lCb,9.408999,-0.80333775
42T,15.96,2,lCb,8.971,-0.91134983
4Q6,3.22,2,lCb,7.45,-2.029207
1L1,8.17,2,lCb,10.757999,-0.03790425
2C6,14.03,2,lCb,11.686001,0.5940583
3E4,11.99,2,lCb,10.4800005,-0.06763811
2Q0,3.21,2,lCb,11.09,0.39395645
37V,15.07,2,lCb,13.646001,1.8463073
0B9,12.11,2,lCb,9.493,-0.72542065
1V8,4.31,2,lCb,11.011,0.3086755
3K1,9.01,2,lCb,9.026999,-0.849311
5H6,11.03,2,lCb,8.936,-0.9850199
43N,17.0,2,lCb,13.042999,1.666143
2C6,14.03,2,lCb,8.830999,-1.2754104
41N,16.74,2,lCb,14.309,2.6070814
2V1,4.3,2,lCb,8.236,-1.4677691
6D9,13.11,2,lCb,9.535,-0.8264394
3R7,3.32,2,lCb,7.8510003,-1.8129774
3K1,9.01,2,lCb,14.865001,2.8285406
5H6,11.03,2,lCb,8.475,-1.684041
6L4,8.2,2,lCb,10.545,-0.06491791
82V,16.01,2,lCb,12.472,1.1522993
4S3,3.18,2,lCb,12.244,1.2916709
3R7,3.32,2,lCb,6.4830003,-2.8674629
7F0,11.2,2,lCb,8.637999,-1.2395232
5H6,11.03,2,lCb,6.481,-2.398092
7F0,11.2,2,lCb,13.905001,1.8546164
7F0,11.2,2,lCb,5.347,-3.234842
3T5,5.12,2,lCb,7.6929994,-1.8975569
6D9,13.11,2,lCb,8.464,-1.279438
5H6,11.03,2,lCb,7.099,-2.327557
4J6,7.15,2,lCb,8.96,-1.0042698
4J6,7.15,2,lCb,10.022,-0.45251524
41N,16.74,2,lCb,9.997,-0.3519314
0B9,12.11,2,lCb,9.893,-0.5693783
4S3,3.18,2,lCb,7.678,-2.044943
3R7,3.32,2,lCb,6.5870004,-2.285474
3K1,9.01,2,lCb,11.487,0.62658036
3T5,5.12,2,lCb,11.771,0.88815725
3E4,11.99,2,lCb,11.114,0.22107668
3R7,3.32,2,lCb,5.7330003,-3.170794
42T,15.96,2,lCb,11.69,0.55158174
4J6,7.15,2,lCb,10.733,0.10522756
41N,16.74,2,lCb,9.712,-0.69148296
2I1,10.27,2,lCb,10.152999,0.0044354033
0B9,12.11,2,lCb,14.099001,2.220615
3K1,9.01,2,lCb,10.965,0.2917891
8M0,8.12,2,lCb,12.555001,1.1824342
4Q6,3.22,2,lCb,7.254,-2.2478805
4Q6,3.22,2,lCb,6.195,-2.6104121
5H6,11.03,2,lCb,12.65,1.6354389
4J6,7.15,2,lCb,10.643,0.023340361
5H6,11.03,2,lCb,10.0130005,-0.3711214
4J6,7.15,2,lCb,8.065,-1.6059085
6D9,13.11,2,lCb,9.040998,-1.1546196
2F2,11.04,2,lCb,10.361,-0.15934843
97R,17.93,2,lCb,10.875999,0.12778755
97R,17.93,2,lCb,9.113,-0.96716857
4J6,7.15,2,lCb,9.332999,-0.7103731
4J6,7.15,2,lCb,7.915,-1.7113051
2I1,10.27,2,lCb,14.754,2.92181
2I1,10.27,2,lCb,6.793,-2.5090952
2V1,4.3,2,lCb,9.167001,-0.81250596
4J6,7.15,2,lCb,7.3529997,-2.3135388
2V1,4.3,2,lCb,10.605,-0.04779774
82V,16.01,2,lCb,11.870001,0.9151871
0B9,12.11,2,lCb,14.083,2.249194
6D9,13.11,2,lCb,9.303999,-0.7608367
3R7,3.32,2,lCb,9.457001,-0.69835967
3T5,5.12,2,lCb,12.928999,1.3629248
2F2,11.04,2,lCb,11.342,0.6281235
7M4,8.15,2,lCb,14.0199995,2.5117288
42T,15.96,2,lCb,10.796999,0.095121115
82V,16.01,2,lCb,12.712,1.4507556
4Q6,3.22,2,lCb,8.934,-1.0131278
41N,16.74,2,lCb,9.441999,-0.82046944
4S3,3.18,2,lCb,9.354,-0.8504342
42T,15.96,2,lCb,11.781,0.77575153
82V,16.01,2,lCb,9.844,-0.6651629
82V,16.01,2,lCb,10.437,0.046706304
0B9,12.11,2,lCb,12.143999,0.91961384
4Q6,3.22,2,lCb,9.983999,-0.42399564
41N,16.74,2,lCb,12.188,0.7214814
0B9,12.11,2,lCb,12.814,1.613172
3E4,11.99,2,lCb,10.204,-0.27781287
3T5,5.12,2,lCb,10.488,-0.12953176
5R4,6.25,2,lCb,9.941999,-0.46996808
41N,16.74,2,lCb,9.292,-0.7882274
82V,16.01,2,lCb,16.855,4.035709
2C6,14.03,2,lCb,8.649,-1.1891279
4S3,3.18,2,lCb,5.104,-3.5134964
1G8,7.88,2,lCb,7.9210005,-1.7482637
1V8,4.31,2,lCb,8.599001,-1.2748758
7F0,11.2,2,lCb,11.945999,0.92096776
3R7,3.32,2,lCb,8.752,-1.2304529
8B3,13.09,2,lCb,9.494,-0.6307605
6L4,8.2,2,lCb,11.127001,0.34470686
7F0,11.2,2,lCb,11.651,0.5939074
4S3,3.18,2,lCb,7.856,-1.9064037
4Q6,3.22,2,lCb,8.249,-1.5887865
4J6,7.15,2,lCb,11.857,0.6874511
1L1,8.17,2,lCb,12.443,1.0891806
1L1,8.17,2,lCb,8.278,-1.470279
7F0,11.2,2,lCb,10.914,0.35219526
2Q0,3.21,2,lCb,4.6870003,-3.8273032
2Q0,3.21,2,lCb,6.957,-2.4023938
37V,15.07,2,lCb,12.784,1.4377251
3T5,5.12,2,lCb,7.361,-1.7424033
98V,16.03,2,lCb,11.455999,0.48954886
50P,15.59,2,lCb,13.444,1.684554
0G3,9.1,2,lCb,9.8220005,-0.63829696
3T5,5.12,2,lCb,7.049,-2.4791365
3T5,5.12,2,lCb,10.393999,-0.15214251
5H6,11.03,2,lCb,9.870999,-0.54698175
0G3,9.1,2,lCb,13.505,2.044538
43N,17.0,2,lCb,8.809999,-1.2132503
82V,16.01,2,lCb,9.441,-0.6632975
2Q0,3.21,2,lCb,7.1759996,-2.0056932
4S3,3.18,2,lCb,4.5070004,-3.9117799
4S3,3.18,2,lCb,12.853999,1.540473
3R7,3.32,2,lCb,8.446,-1.254059
6D9,13.11,2,lCb,10.040999,-0.2010562
3T5,5.12,2,lCb,10.032,-0.46515065
50P,15.59,2,lCb,10.039,-0.25040096
1L1,8.17,2,lCb,10.602,0.13994011
2I1,10.27,2,lCb,10.514999,-0.05009347
55R,14.97,2,lCb,14.104001,2.4730353
3T5,5.12,2,lCb,9.688999,-0.661746
5R4,6.25,2,lCb,10.654001,0.059195664
6L4,8.2,2,lCb,9.221,-0.8975459
4J6,7.15,2,lCb,8.922999,-1.0058991
82V,16.01,2,lCb,14.821999,2.9112716
6D9,13.11,2,lCb,10.614,-0.0784491
3K1,9.01,2,lCb,9.692,-0.50523007
5R4,6.25,2,lCb,9.425,-0.6344573
2V1,4.3,2,lCb,10.187,-0.29160774
4S3,3.18,2,lCb,8.925,-1.152822
3T5,5.12,2,lCb,8.831,-1.201425
7F0,11.2,2,lCb,9.613999,-0.6026598
5H6,11.03,2,lCb,9.019001,-0.9716072
5H6,11.03,2,lCb,13.291,1.9127657
1L1,8.17,2,lCb,8.253,-1.3551257
3R7,3.32,2,lCb,7.8760004,-1.6186036
5R4,6.25,2,lCb,8.846,-1.3366122
4J6,7.15,2,lCb,10.264999,-0.4129631
1V8,4.31,2,lCb,10.318999,-0.21464373
2V1,4.3,2,lCb,8.275,-1.5102751
43N,17.0,2,lCb,8.658,-1.4305987
4S3,3.18,2,lCb,10.116,-0.37109572
3R7,3.32,2,lCb,9.396,-0.6987059
1G8,7.88,2,lCb,10.34,-0.20533033
98V,16.03,2,lCb,13.605001,1.675191
98V,16.03,2,lCb,14.142,2.3303974
42T,15.96,2,lCb,11.15,0.48590156
4J6,7.15,2,lCb,10.635,-0.16577819
4J6,7.15,2,lCb,9.134001,-1.0226278
2I1,10.27,2,lCb,11.1970005,0.3842943
2C6,14.03,2,lCb,11.374,0.56100637
1G8,7.88,2,lCb,8.694,-1.1077459
5R4,6.25,2,lCb,9.437,-0.7223175
50P,15.59,2,lCb,10.379,-0.0018290585
2S6,3.17,2,lCb,9.474,-0.87025243
4S3,3.18,2,lCb,7.803,-1.8251965
3D1,13.11,2,lCb,9.906,-0.3881135
98V,16.03,2,lCb,8.385,-1.4282053
42T,15.96,2,lCb,10.77,0.13734043
97R,17.93,2,lCb,15.185999,3.0542445
4S3,3.18,2,lCb,9.814,-0.46813306
4S3,3.18,2,lCb,4.843,-3.540468
6D9,13.11,2,lCb,10.393,-0.051434003
5R4,6.25,2,lCb,10.565,0.09037542
42T,15.96,2,lCb,7.745,-2.0241249
31S,17.0,2,lCb,9.461,-0.5821717
82V,16.01,2,lCb,11.782,0.76921743
4J6,7.15,2,lCb,7.364,-2.230362
41N,16.74,2,lCb,10.811,0.10844058
41N,16.74,2,lCb,13.664,2.045639
1G8,7.88,2,lCb,9.167,-0.86453885
2F2,11.04,2,lCb,10.4279995,-0.15980639
4Q6,3.22,2,lCb,7.4549994,-2.4052958
1V8,4.31,2,lCb,8.545,-1.4669985
0B9,12.11,2,lCb,9.473,-0.8789558
2S6,3.17,2,lCb,12.139999,1.3108015
3R7,3.32,2,lCb,8.624001,-1.4869894
2F2,11.04,2,lCb,9.4210005,-0.9146857
8B3,13.09,2,lCb,10.1779995,-0.3938546
42T,15.96,2,lCb,6.5340004,-2.4798834
6L4,8.2,2,lCb,10.422,-0.07403274
6L4,8.2,2,lCb,7.9979997,-1.8072813
1V8,4.31,2,lCb,9.738999,-0.50206727
0G3,9.1,2,lCb,12.302,1.0306721
4S3,3.18,2,lCb,11.434999,0.4813794
2S2,6.31,2,lCb,7.9300003,-1.7159953
50P,15.59,2,lCb,13.539,1.8430955
8B3,13.09,2,lCb,13.607,1.9435031
41N,16.74,2,lCb,6.489,-2.482262
2S6,3.17,2,lCb,10.59,-0.16956963
4Q6,3.22,2,lCb,8.713,-1.2207011
2C6,14.03,2,lCb,13.172,1.6853743
4S3,3.18,2,lCb,4.25,-4.1750402
55R,14.97,2,lCb,12.21,0.9097053
55R,14.97,2,lCb,10.500001,-0.038807955
5H6,11.03,2,lCb,9.901999,-0.3924714
2I1,10.27,2,lCb,11.036,0.16881733
0B9,12.11,2,lCb,14.031001,1.9740468
6D9,13.11,2,lCb,9.408999,-0.7087979
5H6,11.03,2,lCb,11.018,0.05306638
2I1,10.27,2,lCb,9.504,-0.69905967
1L1,8.17,2,lCb,8.938,-1.1310279
3K1,9.01,2,lCb,10.948,0.3008797
3K1,9.01,2,lCb,10.028,-0.48161697
42T,15.96,2,lCb,10.642,0.20001751
82V,16.01,2,lCb,11.626,0.78423584
4Q6,3.22,2,lCb,11.011,0.38943413
6L4,8.2,2,lCb,8.06,-2.0397923
41N,16.74,2,lCb,11.450999,0.5107308
2V1,4.3,2,lCb,8.278,-1.6723862
0B9,12.11,2,lCb,8.471,-1.2973787
3R7,3.32,2,lCb,6.4059997,-2.842553
3R7,3.32,2,lCb,7.79,-1.8992206
3D1,13.11,2,lCb,10.289,-0.15801509
97R,17.93,2,lCb,15.203,3.3599222
8B3,13.09,2,lCb,10.238001,-0.3519927
5H6,11.03,2,lCb,9.221001,-0.9824356
2V1,4.3,2,lCb,10.687001,0.031615797
7F0,11.2,2,lCb,12.642,1.5016776
82V,16.01,2,lCb,12.715001,1.126757
0B9,12.11,2,lCb,10.598001,0.0052564433
4S3,3.18,2,lCb,12.362,1.2011737
3K1,9.01,2,lCb,10.073,-0.318696
97R,17.93,2,lCb,14.212,2.3993547
5H6,11.03,2,lCb,7.849,-1.7734255
1V8,4.31,2,lCb,9.496,-0.7046576
0B9,12.11,2,lCb,13.792999,2.028908
8C9,12.12,2,lCb,13.283999,1.5370781
3K1,9.01,2,lCb,11.402,0.48476344
3K1,9.01,2,lCb,11.183001,0.20058146
82V,16.01,2,lCb,10.048,-0.26494747
2C6,14.03,2,lCb,11.275,0.50763154
4S3,3.18,2,lCb,6.7440004,-2.8530142
4S3,3.18,2,lCb,10.994,0.14595298
3K1,9.01,2,lCb,9.664,-0.69780743
5R4,6.25,2,lCb,8.568,-1.2369173
98V,16.03,2,lCb,13.749001,2.0113964
8B3,13.09,2,lCb,9.436,-0.5695829
2V1,4.3,2,lCb,10.598001,0.026526045
0G3,9.1,2,lCb,11.1,0.39450666
4S3,3.18,2,lCb,11.566,0.6051798
56R,14.95,2,lCb,12.46,1.2919039
55R,14.97,2,lCb,10.417,-0.056197062
3T5,5.12,2,lCb,10.786,0.09145716
1G8,7.88,2,lCb,12.454,1.3696994
7F0,11.2,2,lCb,9.039999,-0.91617304
4S3,3.18,2,lCb,7.1400003,-2.2022362
6D9,13.11,2,lCb,9.24,-1.0189165
6D9,13.11,2,lCb,12.876999,1.1803824
6L4,8.2,2,lCb,11.549,0.6143406
2V1,4.3,2,lCb,4.954,-4.196731
2Q0,3.21,2,lCb,6.505,-2.7646723
4S3,3.18,2,lCb,8.835,-0.94967353
4J6,7.15,2,lCb,11.802,0.76795053
41N,16.74,2,lCb,11.244,0.473979
1V8,4.31,2,lCb,9.514001,-0.87823915
2V1,4.3,2,lCb,6.5799994,-2.36901
37V,15.07,2,lCb,11.698999,1.0639014
2F2,11.04,2,lCb,10.702001,0.07116875
2F2,11.04,2,lCb,11.214999,0.4214907
6D9,13.11,2,lCb,11.795001,0.7799176
6D9,13.11,2,lCb,12.571,1.3940128
3K1,9.01,2,lCb,8.253,-1.4698416
50P,15.59,2,lCb,10.587999,0.21498613
4J6,7.15,2,lCb,7.3900003,-2.0437114
43N,17.0,2,lCb,11.596001,0.76627403
0B9,12.11,2,lCb,9.004999,-1.1155504
3R7,3.32,2,lCb,8.091001,-1.8921236
37V,15.07,2,lCb,9.896001,-0.50769085
55R,14.97,2,lCb,10.726999,0.04997552
42T,15.96,2,lCb,8.563,-1.3123307
46Z,13.97,2,lCb,9.921,-0.5361481
1V8,4.31,2,lCb,11.179999,0.43669426
82V,16.01,2,lCb,11.696,0.67975444
1G8,7.88,2,lCb,9.976999,-0.3127616
3T5,5.12,2,lCb,9.467,-0.7864516
42T,15.96,2,lCb,9.704,-0.37904894
4J6,7.15,2,lCb,9.874,-0.3784391
41N,16.74,2,lCb,5.422,-3.3455715
2V1,4.3,2,lCb,7.4630003,-2.1503618
82V,16.01,2,lCb,10.289,-0.26810735
3R7,3.32,2,lCb,9.802,-0.7164594
6D9,13.11,2,lCb,9.585,-0.563163
82V,16.01,2,lCb,10.918,0.2068311
2V1,4.3,2,lCb,9.025999,-0.93611175
7F0,11.2,2,lCb,10.8029995,0.030209346
2Q0,3.21,2,lCb,12.772,1.3524866
2S6,3.17,2,lCb,10.372999,-0.20959061
4S3,3.18,2,lCb,9.037001,-0.9507145
1G8,7.88,2,lCb,12.070001,0.9131844
37V,15.07,2,lCb,12.293,1.193108
55R,14.97,2,lCb,10.325,-0.1294961
8B3,13.09,2,lCb,7.571,-1.9389914
4Q6,3.22,2,lCb,9.99,-0.4698277
5H6,11.03,2,lCb,10.297,-0.13752718
6L4,8.2,2,lCb,9.136,-0.8399682
41N,16.74,2,lCb,12.12,0.9405608
74K,20.81,2,lCb,13.004001,1.4839209
6D9,13.11,2,lCb,10.477999,-0.14252828
2S2,6.31,2,lCb,11.365,0.45827615
4Q6,3.22,2,lCb,7.09,-1.9726787
4J6,7.15,2,lCb,8.542,-1.395837
41N,16.74,2,lCb,9.329,-0.70625573
0B9,12.11,2,lCb,8.796999,-1.1984615
2F2,11.04,2,lCb,10.641,-0.092737235
7F0,11.2,2,lCb,12.910001,1.5412047
2Q0,3.21,2,lCb,9.407999,-0.6525554
4S3,3.18,2,lCb,10.113001,-0.30714902
3D1,13.11,2,lCb,13.167999,1.5307512
3T5,5.12,2,lCb,10.382,-0.21898751
6L4,8.2,2,lCb,9.156,-0.9901825
3D1,13.11,2,lCb,12.177,1.1167866
5R4,6.25,2,lCb,14.775999,2.485797
5R4,6.25,2,lCb,8.353,-1.6299233
82V,16.01,2,lCb,11.691999,0.74900085
41N,16.74,2,lCb,12.877001,1.7792419
2C6,14.03,2,lCb,14.009,1.9281106
4S3,3.18,2,lCb,9.624001,-0.6443604
3T5,5.12,2,lCb,13.077001,1.5979306
50P,15.59,2,lCb,11.175,0.30259728
97R,17.93,2,lCb,9.673,-0.58303344
4J6,7.15,2,lCb,10.1779995,-0.46663517
6L4,8.2,2,lCb,8.347,-1.5086211
7F0,11.2,2,lCb,10.088,-0.2147251
2S6,3.17,2,lCb,9.249,-0.7829847
98V,16.03,2,lCb,12.091,1.1391339
97R,17.93,2,lCb,9.631,-0.3962638
8B3,13.09,2,lCb,10.385,-0.28528884
42T,15.96,2,lCb,10.978001,0.18744193
2I1,10.27,2,lCb,10.43,0.07654966
3R7,3.32,2,lCb,8.756,-1.1501385
4J6,7.15,2,lCb,7.8849998,-1.9515316
2I1,10.27,2,lCb,8.250001,-1.761095
2C6,14.03,2,lCb,12.247,1.0098487
3R7,3.32,2,lCb,6.189,-3.0858984
3R7,3.32,2,lCb,10.917,0.14406353
3D1,13.11,2,lCb,8.949,-1.0342215
3R7,3.32,2,lCb,11.066999,0.46791184
8M0,8.12,2,lCb,15.116,3.0567205
3K1,9.01,2,lCb,9.617,-0.650957
98V,16.03,2,lCb,16.172,3.2871118
50P,15.59,2,lCb,9.606001,-0.5510919
42T,15.96,2,lCb,10.01,-0.46057886
5R4,6.25,2,lCb,9.511,-0.60250074
5H6,11.03,2,lCb,9.535001,-0.740542
5H6,11.03,2,lCb,9.75,-0.5778128
82V,16.01,2,lCb,13.861,1.8679602
0B9,12.11,2,lCb,10.992999,0.29024148
3D1,13.11,2,lCb,10.202001,-0.43024728
56R,14.95,2,lCb,15.210001,2.8407366
3T5,5.12,2,lCb,10.812,0.12116533
2F2,11.04,2,lCb,11.539,0.6057655
4Q6,3.22,2,lCb,9.875002,-0.5185339
2I1,10.27,2,lCb,9.407999,-0.7178445
1L1,8.17,2,lCb,12.852,1.5057857
0B9,12.11,2,lCb,8.722001,-1.2236661
2S6,3.17,2,lCb,14.633,2.7087033
3D1,13.11,2,lCb,11.809999,0.7515256
3T5,5.12,2,lCb,12.481,1.3275706
1G8,7.88,2,lCb,9.413,-0.67904407
42T,15.96,2,lCb,13.440001,1.9879551
8B3,13.09,2,lCb,9.587,-0.80833083
5H6,11.03,2,lCb,11.864,0.80096036
41N,16.74,2,lCb,9.692999,-0.49027273
2C6,14.03,2,lCb,9.726999,-0.5133025
56R,14.95,2,lCb,15.103999,3.094255
31S,17.0,2,lCb,14.522,2.5227642
82V,16.01,2,lCb,9.986,-0.34247166
7F0,11.2,2,lCb,8.341,-1.7434182
6D9,13.11,2,lCb,8.4279995,-1.4191301
82V,16.01,2,lCb,6.307,-3.0417883
4Q6,3.22,2,lCb,10.016,-0.85249287
6L4,8.2,2,lCb,9.528999,-0.5148914
82V,16.01,2,lCb,11.549001,0.6151956
3R7,3.32,2,lCb,10.471999,0.1034459
42T,15.96,2,lCb,11.76,0.65019786
82V,16.01,2,lCb,10.8689995,0.116275415
0B9,12.11,2,lCb,9.63,-0.7050938
0B9,12.11,2,lCb,10.161,-0.20662543
55R,14.97,2,lCb,9.336,-0.8269244
1G8,7.88,2,lCb,7.8690004,-1.9480813
2F2,11.04,2,lCb,8.7439995,-1.1437986
3E4,11.99,2,lCb,8.691999,-1.1793331
43N,17.0,2,lCb,10.898,0.11601101
4Q6,3.22,2,lCb,10.912,0.091523975
5H6,11.03,2,lCb,9.839999,-0.58922887
41N,16.74,2,lCb,14.021001,2.4361691
2V1,4.3,2,lCb,7.315,-2.5922287
7F0,11.2,2,lCb,7.169,-2.4231932
4S3,3.18,2,lCb,7.46,-2.0826237
3K1,9.01,2,lCb,9.424001,-0.5986249
82V,16.01,2,lCb,11.235001,0.32651052
3R7,3.32,2,lCb,8.066,-1.6827508
3D1,13.11,2,lCb,7.4800005,-2.214108
82V,16.01,2,lCb,10.417999,-0.14185612
41N,16.74,2,lCb,12.931002,1.3313732
0B9,12.11,2,lCb,12.95,1.4559016
0B9,12.11,2,lCb,11.964,1.008829
4S3,3.18,2,lCb,7.157,-2.1517544
4S3,3.18,2,lCb,7.652999,-1.7993977
6D9,13.11,2,lCb,10.443999,-0.11882459
3R7,3.32,2,lCb,10.863001,0.10665178
3R7,3.32,2,lCb,6.7190003,-2.402519
5R4,6.25,2,lCb,9.519,-0.5499519
50P,15.59,2,lCb,12.379,1.0783898
8B3,13.09,2,lCb,10.72,-0.015825719
5H6,11.03,2,lCb,7.8689995,-1.6163423
2V1,4.3,2,lCb,8.409,-1.3934838
82V,16.01,2,lCb,9.948,-0.3845343
2I1,10.27,2,lCb,11.026999,0.281618
82V,16.01,2,lCb,14.184999,2.9397888
4S3,3.18,2,lCb,10.085001,-0.43547398
3T5,5.12,2,lCb,10.51,0.028467467
1G8,7.88,2,lCb,9.809999,-0.5465564
31S,17.0,2,lCb,15.653002,2.7681708
4Q6,3.22,2,lCb,8.320999,-1.4788635
4Q6,3.22,2,lCb,10.022,-0.4239563
4J6,7.15,2,lCb,8.556,-1.384329
0B9,12.11,2,lCb,9.777,-0.5204718
2Q0,3.21,2,lCb,4.0589995,-4.564764
2Q0,3.21,2,lCb,7.4309998,-2.3109546
98V,16.03,2,lCb,9.728,-0.61348265
98V,16.03,2,lCb,11.89,0.92163736
50P,15.59,2,lCb,8.498,-1.2670926
97R,17.93,2,lCb,13.311999,1.67597
4J6,7.15,2,lCb,8.364,-1.3360806
2I1,10.27,2,lCb,7.9909997,-1.5595737
3R7,3.32,2,lCb,10.872999,0.28059912
8M0,8.12,2,lCb,10.9800005,0.062984444
3K1,9.01,2,lCb,10.514,-0.28943366
3K1,9.01,2,lCb,12.259,1.1014408
1G8,7.88,2,lCb,13.936999,2.071005
2I1,10.27,2,lCb,14.217,2.1440818
3K1,9.01,2,lCb,9.8220005,-0.31787983
55R,14.97,2,lCb,7.482,-1.733149
42T,15.96,2,lCb,9.403,-0.6886008
4J6,7.15,2,lCb,9.169001,-0.9006178
0B9,12.11,2,lCb,12.440001,1.2146472
2C6,14.03,2,lCb,11.129,0.290585
4S3,3.18,2,lCb,6.996,-2.5899112
4S3,3.18,2,lCb,7.2229996,-2.213904
4S3,3.18,2,lCb,9.224,-0.78380054
3K1,9.01,2,lCb,10.691,0.28796422
3K1,9.01,2,lCb,6.968,-2.3180206
97R,17.93,2,lCb,10.569,0.16147009
6L4,8.2,2,lCb,10.432001,-0.10365314
41N,16.74,2,lCb,13.245,1.4324391
3R7,3.32,2,lCb,5.246,-3.2588868
5R4,6.25,2,lCb,12.486,1.1804388
2F2,11.04,2,lCb,9.905,-0.57526785
4J6,7.15,2,lCb,8.677,-1.3081652
41N,16.74,2,lCb,12.905001,1.5305116
0B9,12.11,2,lCb,11.587999,0.64966816
3R7,3.32,2,lCb,12.074999,1.0239168
8B3,13.09,2,lCb,11.226,0.4471304
31S,17.0,2,lCb,8.146,-1.887565
7F0,11.2,2,lCb,9.992,-0.4062265
5H6,11.03,2,lCb,12.251,1.1159785
3E4,11.99,2,lCb,7.5149994,-1.8795239
82V,16.01,2,lCb,9.968,-0.42671454
4Q6,3.22,2,lCb,6.018,-2.8447516
1L1,8.17,2,lCb,10.329,-0.023967732
0G3,9.1,2,lCb,14.023999,2.4396174
82V,16.01,2,lCb,14.1779995,2.536877
56K,19.93,2,lCb,12.085,1.0657675
5R4,6.25,2,lCb,6.789,-2.4995167
82V,16.01,2,lCb,9.078001,-0.90377074
3K1,9.01,2,lCb,9.429,-0.70436585
3T5,5.12,2,lCb,10.711,-0.16530718
1G8,7.88,2,lCb,11.472,0.38645616
5H6,11.03,2,lCb,10.309,-0.1558431
6L4,8.2,2,lCb,8.0720005,-1.536897
6L4,8.2,2,lCb,11.497,0.69129056
41N,16.74,2,lCb,10.568,-0.051643852
1V8,4.31,2,lCb,10.417001,-0.0498984
0G3,9.1,2,lCb,9.985,-0.46842948
0G3,9.1,2,lCb,12.568,1.3239932
3R7,3.32,2,lCb,5.765,-3.0609303
3K1,9.01,2,lCb,11.719999,0.63857967
3D1,13.11,2,lCb,10.854,0.13896629
3T5,5.12,2,lCb,10.925,0.28983483
42T,15.96,2,lCb,11.24,0.41750395
4Q6,3.22,2,lCb,6.002,-2.7131317
4J6,7.15,2,lCb,13.903,2.1226742
1L1,8.17,2,lCb,7.8079987,-1.7338153
1V8,4.31,2,lCb,10.191,-0.26211107
8C9,12.12,2,lCb,10.5,-0.17857711
31S,17.0,2,lCb,10.663,-0.17015187
5H6,11.03,2,lCb,13.597,2.1173794
4Q6,3.22,2,lCb,8.337,-1.3533883
5H6,11.03,2,lCb,9.057,-0.77602243
4J6,7.15,2,lCb,6.954,-2.373487
4J6,7.15,2,lCb,12.166,1.0550063
1L1,8.17,2,lCb,9.377,-0.74067557
74K,20.81,2,lCb,12.607,1.1897162
3R7,3.32,2,lCb,6.1050005,-3.127705
5H6,11.03,2,lCb,10.089999,-0.33098796
4J6,7.15,2,lCb,6.789,-2.3572156
6L4,8.2,2,lCb,9.504,-0.7012836
0B9,12.11,2,lCb,9.404,-0.9701126
3K1,9.01,2,lCb,9.126999,-0.9954538
55R,14.97,2,lCb,9.059999,-1.0097833
98V,16.03,2,lCb,10.133,-0.45651913
5H6,11.03,2,lCb,8.7630005,-1.2717106
5H6,11.03,2,lCb,10.158999,-0.583087
41N,16.74,2,lCb,11.363,0.47008044
2F2,11.04,2,lCb,10.8949995,0.23452578
5H6,11.03,2,lCb,9.243,-0.9519635
5H6,11.03,2,lCb,10.114,-0.35788724
0B9,12.11,2,lCb,9.309,-0.7928624
2C6,14.03,2,lCb,10.315001,-0.19866215
2C6,14.03,2,lCb,11.527,0.6844637
2S2,6.31,2,lCb,9.164,-0.9899626
3K1,9.01,2,lCb,11.026999,0.34318176
50P,15.59,2,lCb,10.134,-0.27518597
97R,17.93,2,lCb,14.186999,2.3805425
4J6,7.15,2,lCb,8.036,-1.8622551
82V,16.01,2,lCb,15.663,3.3893588
3R7,3.32,2,lCb,9.907999,-0.5127928
55R,14.97,2,lCb,6.7580004,-2.5620472
50P,15.59,2,lCb,9.922999,-0.53181016
5H6,11.03,2,lCb,11.085,0.36698803
4S3,3.18,2,lCb,9.65,-0.6890702
1L1,8.17,2,lCb,11.433001,0.60584867
2C6,14.03,2,lCb,11.915001,0.9069995
4S3,3.18,2,lCb,6.7839994,-2.6414828
4S3,3.18,2,lCb,9.887,-0.32201073
4S3,3.18,2,lCb,8.254,-1.5305352
1G8,7.88,2,lCb,11.927,0.85484815
42T,15.96,2,lCb,8.818001,-1.1997633
43N,17.0,2,lCb,9.962,-0.33840656
2V1,4.3,2,lCb,9.143999,-0.82324845
6D9,13.11,2,lCb,9.535001,-0.74395955
3R7,3.32,2,lCb,5.718,-3.2623296
31S,17.0,2,lCb,11.391,0.6016163
6L4,8.2,2,lCb,7.2619996,-2.0304062
3K1,9.01,2,lCb,11.7699995,0.59243447
3D1,13.11,2,lCb,11.509,0.59634835
50P,15.59,2,lCb,10.528001,-0.036893334
6L4,8.2,2,lCb,6.1109996,-3.0253944
4J6,7.15,2,lCb,10.911,0.34138316
7F0,11.2,2,lCb,8.509001,-1.468017
74K,20.81,2,lCb,13.623999,2.0457954
4S3,3.18,2,lCb,9.188,-0.79448795
8M0,8.12,2,lCb,11.463,0.42588106
55R,14.97,2,lCb,6.1089997,-2.999052
98V,16.03,2,lCb,15.433001,3.0424025
31S,17.0,2,lCb,11.685,0.73733115
5H6,11.03,2,lCb,9.561999,-0.91545534
2C6,14.03,2,lCb,11.061999,0.31933153
8B3,13.09,2,lCb,11.539,0.4548301
56K,19.93,2,lCb,12.674001,1.4574007
8M0,8.12,2,lCb,13.048999,1.407386
5H6,11.03,2,lCb,7.697,-1.8401333
0B9,12.11,2,lCb,8.907999,-1.0570517
6D9,13.11,2,lCb,10.4869995,-0.049967103
50P,15.59,2,lCb,8.476,-1.5857117
50P,15.59,2,lCb,11.972,0.8408928
8B3,13.09,2,lCb,10.772,0.33059093
4J6,7.15,2,lCb,8.151,-1.7236919
0G3,9.1,2,lCb,11.620001,0.43285573
8M0,8.12,2,lCb,11.163,0.20223394
2F2,11.04,2,lCb,11.286001,0.49297184
5H6,11.03,2,lCb,11.123,0.36977702
4J6,7.15,2,lCb,9.119,-0.86964196
82V,16.01,2,lCb,12.786,1.5180218
82V,16.01,2,lCb,12.865,1.6110499
43N,17.0,2,lCb,9.536,-0.6299782
42T,15.96,2,lCb,10.903,0.33481273
5H6,11.03,2,lCb,5.8599997,-3.1511238
4S3,3.18,2,lCb,9.162999,-1.0367842
3R7,3.32,2,lCb,11.195,0.43040103
3R7,3.32,2,lCb,8.635,-1.3150876
2S2,6.31,2,lCb,9.578,-0.6665561
3T5,5.12,2,lCb,9.941999,-0.17910102
3T5,5.12,2,lCb,11.327001,0.31781778
2C6,14.03,2,lCb,12.183,1.1512268
3R7,3.32,2,lCb,5.882,-2.7802258
2S2,6.31,2,lCb,13.034999,1.6972631
5R4,6.25,2,lCb,11.093,0.13908061
97R,17.93,2,lCb,8.525999,-1.2627176
4Q6,3.22,2,lCb,8.045,-1.592975
6L4,8.2,2,lCb,13.705999,2.18215
43N,17.0,2,lCb,12.562,1.3778312
2C6,14.03,2,lCb,14.762999,2.3243225
4S3,3.18,2,lCb,9.952001,-0.49193615
3R7,3.32,2,lCb,6.611,-2.8899884
37V,15.07,2,lCb,11.691,0.5769591
3T5,5.12,2,lCb,10.868,0.17391656
97R,17.93,2,lCb,11.181,0.31918132
42T,15.96,2,lCb,10.665999,-0.077333815
2C6,14.03,2,lCb,10.981,0.16319093
55R,14.97,2,lCb,8.726,-1.1659634
6L4,8.2,2,lCb,8.754,-1.1512263
0G3,9.1,2,lCb,10.883,-0.0016808851
2C6,14.03,2,lCb,12.344,1.2701946
4S3,3.18,2,lCb,8.614,-1.6040968
55R,14.97,2,lCb,9.826001,-0.45529053
3D1,13.11,2,lCb,13.632001,2.2755024
2F2,11.04,2,lCb,12.291,1.0174514
7M4,8.15,2,lCb,10.342,-0.073359825
5R4,6.25,2,lCb,7.5910006,-2.0482001
2F2,11.04,2,lCb,8.422,-1.5038743
74K,20.81,2,lCb,7.787,-1.9217646
43N,17.0,2,lCb,12.158,1.0600314
4Q6,3.22,2,lCb,9.594,-0.787134
37V,15.07,2,lCb,8.79,-1.1959773
1G8,7.88,2,lCb,12.948999,2.0933373
82V,16.01,2,lCb,11.815001,0.7123373
0B9,12.11,2,lCb,9.493,-0.6238426
3E4,11.99,2,lCb,11.496,0.65594697
4S3,3.18,2,lCb,8.648999,-1.3054898
6L4,8.2,2,lCb,11.166999,0.5447223
41N,16.74,2,lCb,11.995,0.99052745
43N,17.0,2,lCb,10.963,0.097925514
2Q0,3.21,2,lCb,9.71,-0.73428285
37V,15.07,2,lCb,13.543001,1.7207826
98V,16.03,2,lCb,13.450999,2.0382912
2V1,4.3,2,lCb,11.73,0.8242591
4S3,3.18,2,lCb,12.565,1.2023022
3R7,3.32,2,lCb,10.214,-0.20034201
8M0,8.12,2,lCb,13.13,1.8616712
3K1,9.01,2,lCb,10.649,0.11312302
3T5,5.12,2,lCb,9.987,-0.55241776
41N,16.74,2,lCb,14.2,2.3558826
2I1,10.27,2,lCb,11.567,0.40563047
1L1,8.17,2,lCb,9.597,-0.7574925
1L1,8.17,2,lCb,11.385,0.6217213
0B9,12.11,2,lCb,12.075,1.0288405
55R,14.97,2,lCb,6.7689996,-2.8682828
5H6,11.03,2,lCb,9.992,-0.3016707
74K,20.81,2,lCb,14.421999,2.213797
41N,16.74,2,lCb,8.385,-1.6606028
7F0,11.2,2,lCb,10.489,0.04391361
2C6,14.03,2,lCb,11.17,0.34970972
3K1,9.01,2,lCb,11.281,0.5446429
55R,14.97,2,lCb,10.094,-0.36722067
3D1,13.11,2,lCb,10.559999,-0.12609324
98V,16.03,2,lCb,15.483999,3.477244
4J6,7.15,2,lCb,10.868,0.20100449
56K,19.93,2,lCb,14.186999,2.3614452
55R,14.97,2,lCb,10.384001,-0.2923879
1G8,7.88,2,lCb,11.767,0.611714
7F0,11.2,2,lCb,10.84,0.21586615
43N,17.0,2,lCb,13.128,1.7765877
2C6,14.03,2,lCb,13.654001,1.8894836
3E4,11.99,2,lCb,9.134,-1.0662874
4Q6,3.22,2,lCb,8.618,-1.3602223
2Q0,3.21,2,lCb,9.419,-0.7712959
3K1,9.01,2,lCb,9.906,-0.35516414
6L4,8.2,2,lCb,6.304,-2.7010887
4S3,3.18,2,lCb,10.097,-0.2647248
3T5,5.12,2,lCb,10.157,-0.4110959
5H6,11.03,2,lCb,8.928999,-1.147628
6L4,8.2,2,lCb,10.092,-0.24836923
0G3,9.1,2,lCb,10.202001,-0.37423316
82V,16.01,2,lCb,13.962,2.0207198
8I6,9.9,2,lCb,12.476,1.0305806
3T5,5.12,2,lCb,7.6879997,-1.7701275
3T5,5.12,2,lCb,7.433,-2.1380503
42T,15.96,2,lCb,9.129,-1.1094885
7F0,11.2,2,lCb,9.955,-0.54722446
4J6,7.15,2,lCb,8.500001,-1.2928706
1V8,4.31,2,lCb,9.252,-0.9625387
82V,16.01,2,lCb,8.930999,-1.1623095
1G8,7.88,2,lCb,9.3220005,-0.8419773
2F2,11.04,2,lCb,8.259001,-1.1816118
5H6,11.03,2,lCb,8.1449995,-1.5971544
5H6,11.03,2,lCb,7.75,-1.5903813
6L4,8.2,2,lCb,9.433001,-0.6457905
3K1,9.01,2,lCb,8.412,-1.4046239
97R,17.93,2,lCb,14.251001,2.5030727
97R,17.93,2,lCb,12.047999,0.9923686
3R7,3.32,2,lCb,8.948,-1.1098119
6D9,13.11,2,lCb,8.842001,-1.0376028
37V,15.07,2,lCb,8.113,-1.7069367
4J6,7.15,2,lCb,9.009001,-1.1204406
4S3,3.18,2,lCb,9.205,-0.7164568
3R7,3.32,2,lCb,5.6140003,-3.4042423
7M4,8.15,2,lCb,11.192999,0.45825312
7F0,11.2,2,lCb,6.216,-2.714076
74K,20.81,2,lCb,11.256,0.3589264
1V8,4.31,2,lCb,8.6380005,-1.173419
1V8,4.31,2,lCb,11.408,0.33068755
82V,16.01,2,lCb,11.348001,0.56216514
2C6,14.03,2,lCb,12.702001,1.3779758
6D9,13.11,2,lCb,10.363,-0.12216714
3T5,5.12,2,lCb,10.773999,0.020647096
2F2,11.04,2,lCb,9.469,-0.7940529
5H6,11.03,2,lCb,9.688,-0.6706697
1V8,4.31,2,lCb,10.889001,-0.03205202
0G3,9.1,2,lCb,12.156,0.9998445
3D1,13.11,2,lCb,12.974001,1.5113842
2F2,11.04,2,lCb,10.862,0.101080894
8B3,13.09,2,lCb,8.552,-1.2696745
82V,16.01,2,lCb,10.127001,-0.22814506
4Q6,3.22,2,lCb,10.667999,0.046519153
0B9,12.11,2,lCb,12.922,1.3784544
0B9,12.11,2,lCb,9.726999,-0.43154475
3R7,3.32,2,lCb,10.338,-0.20316844
50P,15.59,2,lCb,8.724001,-1.261392
5H6,11.03,2,lCb,10.542,-0.012000994
6L4,8.2,2,lCb,9.754,-0.5462
0B9,12.11,2,lCb,12.82,1.6764854
3R7,3.32,2,lCb,9.240999,-0.70331615
50P,15.59,2,lCb,13.209,1.8117559
2I1,10.27,2,lCb,9.316,-0.82740015
82V,16.01,2,lCb,12.443999,1.1298997
82V,16.01,2,lCb,14.592,2.4558525
0B9,12.11,2,lCb,11.710001,0.782444
6D9,13.11,2,lCb,9.717999,-0.45968768
3T5,5.12,2,lCb,10.679999,0.1352141
3T5,5.12,2,lCb,9.384,-0.8211307
98V,16.03,2,lCb,11.985,0.8743059
5H6,11.03,2,lCb,7.1030006,-2.4534006
2I1,10.27,2,lCb,8.662001,-1.2524455
2I1,10.27,2,lCb,10.895999,0.12231177
0G3,9.1,2,lCb,11.1779995,0.4175928
0B9,12.11,2,lCb,9.483999,-0.6584066
3R7,3.32,2,lCb,6.407,-2.607375
98V,16.03,2,lCb,14.000999,2.3797786
5H6,11.03,2,lCb,11.971,0.95284075
4J6,7.15,2,lCb,9.529999,-0.7162984
4J6,7.15,2,lCb,6.9340005,-2.487839
6L4,8.2,2,lCb,7.6659994,-1.640999
2I1,10.27,2,lCb,10.6779995,0.022303436
2C6,14.03,2,lCb,8.8689995,-1.0921733
2C6,14.03,2,lCb,10.384,0.014673405
2S6,3.17,2,lCb,7.792,-2.0871797
3R7,3.32,2,lCb,10.059,-0.4822574
98V,16.03,2,lCb,11.254,0.29308787
50P,15.59,2,lCb,13.122,1.649031
0B9,12.11,2,lCb,11.441,0.4512207
2S6,3.17,2,lCb,8.6779995,-0.9773922
3T5,5.12,2,lCb,9.293,-1.01529
5H6,11.03,2,lCb,8.031,-1.7944194
6L4,8.2,2,lCb,10.0,-0.3526439
2V1,4.3,2,lCb,6.079,-2.967667
2S6,3.17,2,lCb,9.791,-0.43410784
4S3,3.18,2,lCb,8.045,-1.5803258
97R,17.93,2,lCb,12.831999,1.2431234
8B3,13.09,2,lCb,10.745,0.1283812
3E4,11.99,2,lCb,10.877,0.15744959
4S3,3.18,2,lCb,10.761,0.27741393
3K1,9.01,2,lCb,10.029,-0.34808922
4Q6,3.22,2,lCb,8.789999,-1.1558193
6L4,8.2,2,lCb,8.812,-1.2001897
6L4,8.2,2,lCb,11.747,0.6666522
2C6,14.03,2,lCb,9.681001,-0.7278082
3R7,3.32,2,lCb,11.545,0.6545747
98V,16.03,2,lCb,14.506001,2.4021697
50P,15.59,2,lCb,9.129999,-0.8343293
7M4,8.15,2,lCb,9.223001,-0.93588305
97R,17.93,2,lCb,15.582998,3.6438124
43N,17.0,2,lCb,12.858999,1.3120179
41N,16.74,2,lCb,13.629001,2.089377
1L1,8.17,2,lCb,9.693999,-0.56075877
2V1,4.3,2,lCb,7.179,-2.5917115
43N,17.0,2,lCb,12.780001,1.5553629
0B9,12.11,2,lCb,10.409,-0.027942503
50P,15.59,2,lCb,11.225,0.49564776
8B3,13.09,2,lCb,14.786,2.9882693
82V,16.01,2,lCb,9.035,-1.1788857
82V,16.01,2,lCb,9.743,-0.8155639
0B9,12.11,2,lCb,11.967999,0.93844384
4S3,3.18,2,lCb,7.5309997,-1.978074
3K1,9.01,2,lCb,9.065001,-1.0597683
3T5,5.12,2,lCb,11.017,0.2038467
1G8,7.88,2,lCb,7.3369994,-2.59217
42T,15.96,2,lCb,12.240999,1.1790031
97R,17.93,2,lCb,7.568001,-1.8634859
4Q6,3.22,2,lCb,9.247,-0.92533785
41N,16.74,2,lCb,8.695001,-1.3396976
1L1,8.17,2,lCb,8.419,-1.4812077
4S3,3.18,2,lCb,9.116,-1.031225
3R7,3.32,2,lCb,11.703,0.9354891
4J6,7.15,2,lCb,8.476999,-1.2731001
6D9,13.11,2,lCb,11.324999,0.5106845
5R4,6.25,2,lCb,11.311999,0.5755909
5H6,11.03,2,lCb,8.922,-1.2832193
41N,16.74,2,lCb,11.651999,0.4972474
7F0,11.2,2,lCb,8.837999,-1.0416281
7F0,11.2,2,lCb,9.264,-0.95704216
43N,17.0,2,lCb,10.505,0.044184685
0B9,12.11,2,lCb,9.51,-0.73891824
3E4,11.99,2,lCb,8.297,-1.6611925
3T5,5.12,2,lCb,11.539,0.3037479
3K1,9.01,2,lCb,8.4869995,-1.3563577
3T5,5.12,2,lCb,10.765,0.13293166
97R,17.93,2,lCb,17.462,4.8063164
4J6,7.15,2,lCb,10.206,-0.24706666
37V,15.07,2,lCb,15.194998,2.6986916
6L4,8.2,2,lCb,6.7829995,-2.6309996
5H6,11.03,2,lCb,7.998,-1.7589422
1L1,8.17,2,lCb,11.790999,0.81066775
82V,16.01,2,lCb,11.474001,0.46434468
0B9,12.11,2,lCb,10.742,0.22688335
1G8,7.88,2,lCb,9.624,-0.7415748
98V,16.03,2,lCb,11.224,0.19440098
50P,15.59,2,lCb,12.334,1.0417181
43N,17.0,2,lCb,11.614,0.57006466
55R,14.97,2,lCb,8.074,-1.5538895
55R,14.97,2,lCb,10.9800005,0.26452237
98V,16.03,2,lCb,10.49,-0.15261818
97R,17.93,2,lCb,13.425,1.69483
74K,20.81,2,lCb,11.464001,0.63423365
41N,16.74,2,lCb,9.106,-1.074889
2V1,4.3,2,lCb,8.778001,-1.237015
2Q0,3.21,2,lCb,10.115,-0.22128083
3R7,3.32,2,lCb,13.684,2.4641168
2I1,10.27,2,lCb,9.219999,-0.7715849
0G3,9.1,2,lCb,14.309999,2.4274976
2C6,14.03,2,lCb,12.622,1.3782992
2S6,3.17,2,lCb,6.9219995,-2.3421957
3K1,9.01,2,lCb,10.691,-0.028078865
55R,14.97,2,lCb,11.0060005,0.13597721
5R4,6.25,2,lCb,10.799,0.07953591
31S,17.0,2,lCb,9.615,-0.531591
4Q6,3.22,2,lCb,7.5619993,-2.3145423
41N,16.74,2,lCb,10.585,-0.031779334
2I1,10.27,2,lCb,10.625,0.12981911
1L1,8.17,2,lCb,10.544001,-0.012818055
7F0,11.2,2,lCb,10.012,-0.28366888
3T5,5.12,2,lCb,6.863,-2.6602156
6L4,8.2,2,lCb,5.2090006,-3.6956668
2V1,4.3,2,lCb,10.878,0.2680655
2V1,4.3,2,lCb,10.243,-0.33390847
7F0,11.2,2,lCb,9.341,-0.7102054
3K1,9.01,2,lCb,11.259001,0.35000563
5R4,6.25,2,lCb,10.131,-0.21255824
5R4,6.25,2,lCb,9.342,-1.0736281
2I1,10.27,2,lCb,12.362001,1.1794809
1L1,8.17,2,lCb,14.714,2.513828
41N,16.74,2,lCb,9.725,-0.35765767
1L1,8.17,2,lCb,10.804001,0.20158863
1L1,8.17,2,lCb,9.839,-0.44776663
3R7,3.32,2,lCb,7.5,-1.8838539
6D9,13.11,2,lCb,7.9440002,-1.7807494
7M4,8.15,2,lCb,12.934,1.5415565
42T,15.96,2,lCb,10.233,-0.32168168
31S,17.0,2,lCb,11.894,0.79236126
41N,16.74,2,lCb,16.158,3.8626075
3D1,13.11,2,lCb,11.198,0.30188188
6L4,8.2,2,lCb,8.416999,-1.5613761
41N,16.74,2,lCb,11.296,0.5566148
2I1,10.27,2,lCb,10.843,0.18220955
1V8,4.31,2,lCb,7.537,-2.1459572
74K,20.81,2,lCb,12.33,1.1024158
0B9,12.11,2,lCb,8.642,-1.1710831
3K1,9.01,2,lCb,9.611,-0.65443003
5H6,11.03,2,lCb,11.1779995,0.27809358
41N,16.74,2,lCb,11.158,0.27910447
98V,16.03,2,lCb,14.251001,2.3619123
37V,15.07,2,lCb,14.139,2.2592933
6D9,13.11,2,lCb,7.9729996,-1.5658823
8B3,13.09,2,lCb,14.132001,2.1944675
82V,16.01,2,lCb,13.88,2.1645422
5H6,11.03,2,lCb,10.99,0.39802495
2C6,14.03,2,lCb,10.689,0.013529356
2C6,14.03,2,lCb,9.454,-0.9572987
3R7,3.32,2,lCb,4.7650003,-3.6916957
3T5,5.12,2,lCb,11.992001,1.0598626
3T5,5.12,2,lCb,8.627,-1.5367359
5R4,6.25,2,lCb,7.672,-2.123057
2F2,11.04,2,lCb,9.234,-1.0436244
6L4,8.2,2,lCb,6.599,-2.592372
2V1,4.3,2,lCb,7.954999,-1.6358904
4S3,3.18,2,lCb,10.948,0.20287304
5R4,6.25,2,lCb,8.851,-1.0824993
41N,16.74,2,lCb,9.365,-0.84330136
0B9,12.11,2,lCb,10.502,-0.10303181
4S3,3.18,2,lCb,6.5770006,-2.5985672
5H6,11.03,2,lCb,9.992,-0.14587508
41N,16.74,2,lCb,9.240999,-0.8117762
43N,17.0,2,lCb,8.427,-1.3927966
50P,15.59,2,lCb,10.1119995,-0.31305355
97R,17.93,2,lCb,14.479001,2.6545486
42T,15.96,2,lCb,7.861,-2.02327
4J6,7.15,2,lCb,9.943999,-0.45098796
41N,16.74,2,lCb,10.025,-0.2970722
2I1,10.27,2,lCb,8.884,-1.1277916
2V1,4.3,2,lCb,13.058001,1.7268747
2C6,14.03,2,lCb,10.375,-0.09479925
4S3,3.18,2,lCb,8.8029995,-1.0775696
3R7,3.32,2,lCb,5.5210004,-3.1640766
6D9,13.11,2,lCb,11.66,0.5520917
8B3,13.09,2,lCb,17.603,4.01699
1L1,8.17,2,lCb,9.434,-0.50996846
3E4,11.99,2,lCb,8.238,-1.6636034
4S3,3.18,2,lCb,7.662,-1.8921126
2F2,11.04,2,lCb,10.865,0.15975103
41N,16.74,2,lCb,12.94,1.743719
7F0,11.2,2,lCb,9.286,-0.802406
0B9,12.11,2,lCb,12.628,1.2670611
2Q0,3.21,2,lCb,6.009,-3.1720834
3R7,3.32,2,lCb,7.9800005,-1.7181711
3R7,3.32,2,lCb,8.156,-1.4379873
37V,15.07,2,lCb,8.835,-0.9590452
8B3,13.09,2,lCb,10.202001,-0.34046307
4J6,7.15,2,lCb,9.665,-0.58998823
2I1,10.27,2,lCb,10.728001,0.0400676
3T5,5.12,2,lCb,4.427,-4.2004104
37V,15.07,2,lCb,11.876,0.83054346
55R,14.97,2,lCb,11.474001,0.60367596
4Q6,3.22,2,lCb,5.0690002,-3.4754963
5H6,11.03,2,lCb,9.694,-0.5891979
41N,16.74,2,lCb,10.464999,0.05089216
7F0,11.2,2,lCb,9.363001,-0.9207518
7F0,11.2,2,lCb,10.398001,-0.19755088
82V,16.01,2,lCb,13.2699995,1.6864694
4S3,3.18,2,lCb,9.914999,-0.27484345
98V,16.03,2,lCb,9.427,-0.91412014
2F2,11.04,2,lCb,11.127001,0.2965037
6L4,8.2,2,lCb,10.051,-0.4389978
82V,16.01,2,lCb,12.2630005,1.0518793
0B9,12.11,2,lCb,9.502,-0.8412021
2S6,3.17,2,lCb,12.176001,0.9398739
4S3,3.18,2,lCb,6.395,-3.0743127
55R,14.97,2,lCb,10.323,0.040342323
3T5,5.12,2,lCb,11.687,0.57665294
3T5,5.12,2,lCb,10.216999,-0.358093
1G8,7.88,2,lCb,10.094,-0.28369153
8B3,13.09,2,lCb,7.7739997,-1.7269785
5H6,11.03,2,lCb,9.0,-1.2546997
3E4,11.99,2,lCb,11.4539995,0.505643
2S6,3.17,2,lCb,10.216001,-0.37400982
4S3,3.18,2,lCb,9.682001,-0.64098173
3K1,9.01,2,lCb,10.195,-0.18096833
5R4,6.25,2,lCb,7.746,-1.6589749
31S,17.0,2,lCb,12.658999,1.4550886
4Q6,3.22,2,lCb,7.9619994,-1.4725416
41N,16.74,2,lCb,8.489,-1.5625899
8C9,12.12,2,lCb,13.991,2.0265105
2C6,14.03,2,lCb,9.731,-0.43849185
3R7,3.32,2,lCb,7.1890006,-2.2606325
2F2,11.04,2,lCb,8.717,-1.1916684
50P,15.59,2,lCb,11.2699995,0.5899282
42T,15.96,2,lCb,9.639999,-0.63582754
8B3,13.09,2,lCb,10.801,0.058728307
4Q6,3.22,2,lCb,10.4279995,-0.17956136
2I1,10.27,2,lCb,10.754999,0.051415116
0B9,12.11,2,lCb,9.639,-0.7405603
3R7,3.32,2,lCb,6.62,-2.655387
31S,17.0,2,lCb,10.090001,-0.18116093
4J6,7.15,2,lCb,7.822,-1.7731569
4J6,7.15,2,lCb,10.278001,-0.4159442
2I1,10.27,2,lCb,9.858,-0.42141935
2V1,4.3,2,lCb,8.768999,-1.1549227
2C6,14.03,2,lCb,6.0,-2.9380028
43N,17.0,2,lCb,10.92,0.30127084
2C6,14.03,2,lCb,13.608,1.8505307
6D9,13.11,2,lCb,9.046,-1.0748374
42T,15.96,2,lCb,13.074,1.5163202
74K,20.81,2,lCb,10.152999,-0.23977202
43N,17.0,2,lCb,13.629,1.9086452
5H6,11.03,2,lCb,10.114,-0.37426442
5H6,11.03,2,lCb,9.534999,-0.7218717
2I1,10.27,2,lCb,6.113,-3.043441
1L1,8.17,2,lCb,11.769,0.7129495
82V,16.01,2,lCb,10.431001,-0.23443866
0B9,12.11,2,lCb,9.898,-0.41823187
6D9,13.11,2,lCb,8.305,-1.4541447
1G8,7.88,2,lCb,8.272,-1.3033379
5R4,6.25,2,lCb,9.9470005,-0.34283677
98V,16.03,2,lCb,12.485999,1.2533444
4Q6,3.22,2,lCb,10.037001,-0.30989274
1L1,8.17,2,lCb,10.6779995,0.18753894
82V,16.01,2,lCb,13.552,2.022253
3T5,5.12,2,lCb,12.229,0.9629222
6D9,13.11,2,lCb,12.518,1.2251308
3T5,5.12,2,lCb,11.006,0.30357453
5R4,6.25,2,lCb,10.018,-0.41897234
43N,17.0,2,lCb,13.759001,2.17476
0B9,12.11,2,lCb,13.777,2.0188131
3D1,13.11,2,lCb,12.755,1.4255575
98V,16.03,2,lCb,14.460001,2.1747983
31S,17.0,2,lCb,13.775999,1.9383113
1V8,4.31,2,lCb,9.93,-0.5328423
7F0,11.2,2,lCb,9.579,-0.6642542
82V,16.01,2,lCb,13.245,1.8246897
2C6,14.03,2,lCb,13.8220005,2.1549144
3E4,11.99,2,lCb,11.83,0.7437813
3K1,9.01,2,lCb,11.096999,0.4292639
3R7,3.32,2,lCb,6.574,-2.2915444
3R7,3.32,2,lCb,6.535,-2.742184
5H6,11.03,2,lCb,9.122,-1.1538798
6L4,8.2,2,lCb,8.341,-1.591145
41N,16.74,2,lCb,10.689,0.04749633
41N,16.74,2,lCb,8.218,-2.0661192
43N,17.0,2,lCb,15.132998,3.714027
2C6,14.03,2,lCb,14.780001,3.0163083
3K1,9.01,2,lCb,13.365001,1.8728685
55R,14.97,2,lCb,10.2,-0.2672207
5R4,6.25,2,lCb,9.942999,-0.44197422
4Q6,3.22,2,lCb,9.742,-0.4855592
4S3,3.18,2,lCb,8.535999,-1.3105587
4S3,3.18,2,lCb,11.686,0.71549976
4S3,3.18,2,lCb,10.489,0.116717204
3R7,3.32,2,lCb,9.716001,-0.5364591
2C6,14.03,2,lCb,12.919001,1.5417076
3E4,11.99,2,lCb,12.921,1.4587368
6D9,13.11,2,lCb,9.535001,-0.8693358
3K1,9.01,2,lCb,12.146999,1.2903986
4J6,7.15,2,lCb,7.8920007,-1.7078516
2V1,4.3,2,lCb,9.641,-0.6250708
4S3,3.18,2,lCb,7.576,-1.9525864
2Q0,3.21,2,lCb,7.2949996,-1.7730012
3T5,5.12,2,lCb,9.452999,-0.84225357
5R4,6.25,2,lCb,13.3029995,1.8488613
5H6,11.03,2,lCb,13.432001,1.8179498
41N,16.74,2,lCb,8.919001,-1.0744915
7F0,11.2,2,lCb,10.8949995,0.123969056
0G3,9.1,2,lCb,13.301999,1.6122663
56K,19.93,2,lCb,14.653,2.6088235
0B9,12.11,2,lCb,10.789,0.25885373
3R7,3.32,2,lCb,9.389999,-0.9790534
98V,16.03,2,lCb,11.782,0.7527704
41N,16.74,2,lCb,11.58,0.62553596
0G3,9.1,2,lCb,11.01,0.32262465
43N,17.0,2,lCb,11.194,0.39564496
3R7,3.32,2,lCb,6.04,-3.0731344
5H6,11.03,2,lCb,7.196,-2.3349793
41N,16.74,2,lCb,11.275999,0.31204203
1L1,8.17,2,lCb,9.306,-0.7864005
1V8,4.31,2,lCb,9.249,-1.0262897
0B9,12.11,2,lCb,11.404,0.5794744
8I6,9.9,2,lCb,9.867,-0.30029917
4S3,3.18,2,lCb,7.433,-1.9214681
8M0,8.12,2,lCb,13.235998,1.5583342
8B3,13.09,2,lCb,11.615,0.83269334
5R4,6.25,2,lCb,10.882999,0.17381111
5H6,11.03,2,lCb,11.598,0.46126434
5H6,11.03,2,lCb,10.787,0.14563106
2V1,4.3,2,lCb,11.56,0.5475424
2Q0,3.21,2,lCb,8.65,-1.2136902
8B3,13.09,2,lCb,7.6610003,-1.9926108
2I1,10.27,2,lCb,11.793,0.63464075
1L1,8.17,2,lCb,14.032999,2.1241517
50P,15.59,2,lCb,10.800001,0.19217262
97R,17.93,2,lCb,12.664,1.2743039
42T,15.96,2,lCb,9.049001,-1.0570846
43N,17.0,2,lCb,10.983,0.22562751
4S3,3.18,2,lCb,13.948001,2.6318283
55R,14.97,2,lCb,12.864,1.5508901
50P,15.59,2,lCb,8.401,-1.3850722
0B9,12.11,2,lCb,8.743001,-1.0377663
3K1,9.01,2,lCb,9.36,-0.94597423
5R4,6.25,2,lCb,14.745999,2.5999498
7M4,8.15,2,lCb,9.1779995,-1.100579
8B3,13.09,2,lCb,12.797999,1.3289311
6L4,8.2,2,lCb,11.602,0.69325745
41N,16.74,2,lCb,8.775,-1.2014823
7F0,11.2,2,lCb,8.629,-1.2100147
56K,19.93,2,lCb,10.189,-0.397724
2C6,14.03,2,lCb,9.302,-1.1506104
56R,14.95,2,lCb,13.242,1.8505229
55R,14.97,2,lCb,7.3450003,-2.3927033
42T,15.96,2,lCb,12.8550005,1.4226189
82V,16.01,2,lCb,13.431,1.5473664
4Q6,3.22,2,lCb,7.597,-2.3101232
4J6,7.15,2,lCb,11.601,0.6950094
6L4,8.2,2,lCb,9.111,-0.7748295
43N,17.0,2,lCb,9.089,-0.82053185
0B9,12.11,2,lCb,11.917,1.0812502
55R,14.97,2,lCb,8.153001,-1.4422064
55R,14.97,2,lCb,9.837999,-0.4067162
6L4,8.2,2,lCb,8.8880005,-1.1619827
82V,16.01,2,lCb,13.108999,1.7474842
82V,16.01,2,lCb,11.398,0.5478918
7M4,8.15,2,lCb,11.66,0.68516064
5H6,11.03,2,lCb,11.655,0.60507447
2C6,14.03,2,lCb,10.566999,-0.027689192
4S3,3.18,2,lCb,7.231,-2.3226414
4S3,3.18,2,lCb,8.623,-1.3381696
4S3,3.18,2,lCb,10.4,-0.16416477
3K1,9.01,2,lCb,10.658001,0.16709347
55R,14.97,2,lCb,9.114,-1.0699291
97R,17.93,2,lCb,15.479001,3.4525194
8B3,13.09,2,lCb,11.433001,0.45324934
97R,17.93,2,lCb,15.395001,3.2699227
5H6,11.03,2,lCb,11.165999,0.37385434
2V1,4.3,2,lCb,9.544,-0.65536374
6D9,13.11,2,lCb,5.946,-3.0424125
6D9,13.11,2,lCb,13.214,1.9421313
3T5,5.12,2,lCb,8.398,-1.6649184
2F2,11.04,2,lCb,14.132001,2.289768
6L4,8.2,2,lCb,10.082001,-0.26489046
2I1,10.27,2,lCb,6.9059997,-2.5650725
41N,16.74,2,lCb,11.662999,0.66391724
2I1,10.27,2,lCb,11.2699995,0.40744746
1L1,8.17,2,lCb,7.757001,-1.6906816
4S3,3.18,2,lCb,7.6549997,-1.6912653
6D9,13.11,2,lCb,10.582,0.09037368
8M0,8.12,2,lCb,9.918,-0.43205428
3K1,9.01,2,lCb,8.456999,-1.2788893
5R4,6.25,2,lCb,7.7559996,-1.634114
5R4,6.25,2,lCb,9.453,-0.6976911
4J6,7.15,2,lCb,8.704,-1.19123
4J6,7.15,2,lCb,10.2109995,-0.40278274
6L4,8.2,2,lCb,11.870001,0.62535775
41N,16.74,2,lCb,12.384,1.0894678
0G3,9.1,2,lCb,8.860999,-1.0473754
2C6,14.03,2,lCb,11.684,0.7465897
4S3,3.18,2,lCb,8.068,-1.7136339
3K1,9.01,2,lCb,11.676001,0.5110848
3K1,9.01,2,lCb,9.743,-0.5931316
55R,14.97,2,lCb,11.205,0.44763023
2F2,11.04,2,lCb,12.141001,0.95030063
8B3,13.09,2,lCb,10.331,-0.35375994
5H6,11.03,2,lCb,9.509,-0.859191
43N,17.0,2,lCb,10.724,0.27566016
0B9,12.11,2,lCb,11.212999,0.49067357
42T,15.96,2,lCb,6.5090003,-2.7554424
2F2,11.04,2,lCb,9.157,-1.0663304
7F0,11.2,2,lCb,15.625999,3.1089866
74K,20.81,2,lCb,8.711,-1.3155088
0B9,12.11,2,lCb,11.25,0.3955953
4S3,3.18,2,lCb,9.438,-0.78059
4S3,3.18,2,lCb,8.116,-1.4558595
3T5,5.12,2,lCb,8.651001,-1.0480089
5R4,6.25,2,lCb,10.0,-0.53652495
98V,16.03,2,lCb,11.388,0.28907105
4S3,3.18,2,lCb,13.606999,2.0801394
3R7,3.32,2,lCb,5.3380003,-3.9167387
3T5,5.12,2,lCb,9.918,-0.35676295
5H6,11.03,2,lCb,9.955999,-0.33242396
6L4,8.2,2,lCb,9.445,-0.6919613
41N,16.74,2,lCb,14.268001,2.4855514
4J6,7.15,2,lCb,12.476999,1.0299338
82V,16.01,2,lCb,15.417,3.0096219
82V,16.01,2,lCb,12.154,0.93742394
56K,19.93,2,lCb,12.839,1.6500019
2C6,14.03,2,lCb,10.379,-0.14961699
3R7,3.32,2,lCb,11.704999,0.68090796
3R7,3.32,2,lCb,9.642,-0.5519812
98V,16.03,2,lCb,16.8,4.642245
3E4,11.99,2,lCb,8.427,-1.6102971
56K,19.93,2,lCb,14.259,2.4605775
43N,17.0,2,lCb,9.736999,-0.5775972
4S3,3.18,2,lCb,10.216001,-0.26426715
4S3,3.18,2,lCb,5.288,-3.394968
6L4,8.2,2,lCb,12.202,1.1545622
3R7,3.32,2,lCb,5.628,-3.2972014
6D9,13.11,2,lCb,11.926001,0.98188007
7M4,8.15,2,lCb,10.994,0.13054225
6L4,8.2,2,lCb,6.4940004,-3.0603178
3E4,11.99,2,lCb,12.498,1.0631813
4S3,3.18,2,lCb,12.29,1.1468513
8M0,8.12,2,lCb,12.371,1.1580415
42T,15.96,2,lCb,9.754999,-0.49369666
42T,15.96,2,lCb,9.568001,-0.81801903
2I1,10.27,2,lCb,11.79,0.76186764
43N,17.0,2,lCb,10.613,-0.004045091
7F0,11.2,2,lCb,9.346,-0.9083697
0B9,12.11,2,lCb,12.385,1.0926855
6D9,13.11,2,lCb,8.235,-1.5031482
3R7,3.32,2,lCb,12.004,1.1435463
55R,14.97,2,lCb,12.823999,1.517433
97R,17.93,2,lCb,10.1779995,-0.3506195
5R4,6.25,2,lCb,10.976,0.27649856
42T,15.96,2,lCb,8.318,-1.6230577
1V8,4.31,2,lCb,9.481001,-0.66017944
43N,17.0,2,lCb,8.023001,-1.7745503
3E4,11.99,2,lCb,10.945,0.31137556
4S3,3.18,2,lCb,8.047,-1.5945954
3K1,9.01,2,lCb,9.281,-0.88484746
43N,17.0,2,lCb,8.537001,-1.4033543
41N,16.74,2,lCb,13.724998,2.0265973
7F0,11.2,2,lCb,8.461,-1.2043887
2C6,14.03,2,lCb,11.525,0.7408017
4S3,3.18,2,lCb,8.046,-1.517791
3K1,9.01,2,lCb,10.464,-0.0068161483
1G8,7.88,2,lCb,10.183,-0.5002903
7M4,8.15,2,lCb,11.358999,0.39752623
5H6,11.03,2,lCb,7.6500006,-1.9251499
5H6,11.03,2,lCb,9.103,-0.8439177
6D9,13.11,2,lCb,11.666,0.6691088
55R,14.97,2,lCb,9.03,-0.9902724
7F0,11.2,2,lCb,11.679,0.53222495
0G3,9.1,2,lCb,10.087,-0.2924387
82V,16.01,2,lCb,13.25,1.5363278
3T5,5.12,2,lCb,8.861,-1.0322334
50P,15.59,2,lCb,12.962,1.7595911
6L4,8.2,2,lCb,9.836,-0.41262886
41N,16.74,2,lCb,12.658,1.3078966
1V8,4.31,2,lCb,9.3220005,-0.7817379
4S3,3.18,2,lCb,11.346999,0.6309095
6D9,13.11,2,lCb,11.451,0.5965875
3R7,3.32,2,lCb,9.747999,-0.6722045
3K1,9.01,2,lCb,13.358999,1.8545047
3K1,9.01,2,lCb,8.835,-0.8267801
55R,14.97,2,lCb,11.081,0.24780287
98V,16.03,2,lCb,11.532,0.63115305
5H6,11.03,2,lCb,9.808001,-0.5250028
41N,16.74,2,lCb,15.125999,3.0887518
2C6,14.03,2,lCb,10.8949995,0.19201131
3R7,3.32,2,lCb,7.7200003,-2.0153306
3R7,3.32,2,lCb,9.186999,-1.0280287
3K1,9.01,2,lCb,9.3880005,-0.8026193
3D1,13.11,2,lCb,11.957,0.95088136
31S,17.0,2,lCb,12.955999,1.4049486
6L4,8.2,2,lCb,11.162,0.39658377
1V8,4.31,2,lCb,7.961001,-1.7570516
3K1,9.01,2,lCb,12.565001,1.4127458
3R7,3.32,2,lCb,10.386,-0.22988118
55R,14.97,2,lCb,9.318999,-0.8539215
2F2,11.04,2,lCb,11.462,0.5354475
4J6,7.15,2,lCb,11.106,0.37529463
41N,16.74,2,lCb,9.935,-0.62645674
41N,16.74,2,lCb,9.049,-1.207444
4S3,3.18,2,lCb,9.453,-0.74600023
5H6,11.03,2,lCb,11.377,0.5820371
4S3,3.18,2,lCb,8.571,-1.2297426
4S3,3.18,2,lCb,6.9979997,-2.3173647
2F2,11.04,2,lCb,10.91,0.20738578
97R,17.93,2,lCb,10.305,-0.34128186
0G3,9.1,2,lCb,13.365001,1.6622351
82V,16.01,2,lCb,10.99,0.1965376
3K1,9.01,2,lCb,12.276,1.0883707
5R4,6.25,2,lCb,10.382,0.031177977
5H6,11.03,2,lCb,13.056,1.6654779
41N,16.74,2,lCb,11.192,0.5745144
0G3,9.1,2,lCb,10.398001,-0.11619152
0G3,9.1,2,lCb,13.054001,1.6474795
2C6,14.03,2,lCb,9.259,-0.9483573
2V1,4.3,2,lCb,10.386,-0.0056741727
2C6,14.03,2,lCb,9.788,-0.482364
3R7,3.32,2,lCb,9.988001,-0.54018354
6D9,13.11,2,lCb,10.992,0.19552493
6D9,13.11,2,lCb,9.741,-0.69226134
3R7,3.32,2,lCb,6.415,-2.9565299
8B3,13.09,2,lCb,12.495,1.2388448
8B3,13.09,2,lCb,10.525,-0.021753464
41N,16.74,2,lCb,13.15,1.5479019
3E4,11.99,2,lCb,12.236,0.7341963
3R7,3.32,2,lCb,8.440001,-1.5593631
3R7,3.32,2,lCb,6.6950006,-2.257695
55R,14.97,2,lCb,13.808001,2.0661423
4Q6,3.22,2,lCb,12.813001,1.4820359
6L4,8.2,2,lCb,7.1079993,-2.1007402
6L4,8.2,2,lCb,9.608999,-0.6664507
6L4,8.2,2,lCb,9.618,-0.80327564
3T5,5.12,2,lCb,6.697,-2.7584171
31S,17.0,2,lCb,12.315001,1.1104674
8B3,13.09,2,lCb,9.46,-0.6692111
4Q6,3.22,2,lCb,8.811,-1.1535853
82V,16.01,2,lCb,13.637999,2.1423347
3E4,11.99,2,lCb,14.103999,2.4866378
3K1,9.01,2,lCb,11.736001,0.7338087
5R4,6.25,2,lCb,12.816999,1.4177356
50P,15.59,2,lCb,9.99,-0.26862878
97R,17.93,2,lCb,8.899,-1.1043125
2V1,4.3,2,lCb,8.32,-1.3481741
82V,16.01,2,lCb,11.506,0.47737923
82V,16.01,2,lCb,13.543001,1.866644
2C6,14.03,2,lCb,12.898,1.5510371
2F2,11.04,2,lCb,13.0789995,1.6400219
6L4,8.2,2,lCb,10.333,-0.22677793
7M4,8.15,2,lCb,6.818001,-2.7614193
5H6,11.03,2,lCb,9.908999,-0.60438675
6L4,8.2,2,lCb,9.531,-0.556385
41N,16.74,2,lCb,12.522,1.1738124
82V,16.01,2,lCb,14.299001,2.6797452
2Q0,3.21,2,lCb,7.9550004,-1.6731523
55R,14.97,2,lCb,10.392,-0.0037172707
50P,15.59,2,lCb,8.181,-1.8914392
97R,17.93,2,lCb,8.8550005,-1.0937184
31S,17.0,2,lCb,10.970999,0.43341082
5H6,11.03,2,lCb,11.858999,0.6210046
5H6,11.03,2,lCb,7.2720003,-1.924772
2C6,14.03,2,lCb,10.554,0.15012419
3D1,13.11,2,lCb,13.807001,2.0346327
42T,15.96,2,lCb,13.271001,1.7273141
98V,16.03,2,lCb,13.446001,1.9791051
1L1,8.17,2,lCb,11.742999,0.7081457
56K,19.93,2,lCb,11.473001,0.6053672
8C9,12.12,2,lCb,13.625999,1.8893479
4S3,3.18,2,lCb,10.086,-0.39011228
4S3,3.18,2,lCb,7.787,-1.8271304
3R7,3.32,2,lCb,6.967,-2.2379093
8B3,13.09,2,lCb,8.227,-1.7041864
4J6,7.15,2,lCb,9.952,-0.45697406
4J6,7.15,2,lCb,8.119,-1.8149654
1V8,4.31,2,lCb,8.337999,-1.3598434
7F0,11.2,2,lCb,8.690999,-1.1299409
0G3,9.1,2,lCb,9.022,-0.9220155
0B9,12.11,2,lCb,8.3619995,-1.5354512
0B9,12.11,2,lCb,13.162999,1.6598662
2C6,14.03,2,lCb,13.547,1.9971025
2C6,14.03,2,lCb,11.273001,0.5211979
2S6,3.17,2,lCb,12.446001,1.2402325
3T5,5.12,2,lCb,9.177,-1.057473
37V,15.07,2,lCb,9.336,-0.92255
50P,15.59,2,lCb,10.974,0.31658238
5R4,6.25,2,lCb,11.659,0.81473964
8B3,13.09,2,lCb,9.622999,-0.71313906
74K,20.81,2,lCb,13.4800005,1.8745325
4Q6,3.22,2,lCb,12.320001,1.1392295
5H6,11.03,2,lCb,10.885,0.1451868
5H6,11.03,2,lCb,12.820002,1.3523393
5H6,11.03,2,lCb,10.031,-0.43406728
4J6,7.15,2,lCb,11.091,0.35300368
6L4,8.2,2,lCb,8.252,-1.6162056
4S3,3.18,2,lCb,9.446,-0.674883
6D9,13.11,2,lCb,11.8550005,0.8508285
0G3,9.1,2,lCb,10.496,-0.10547093
55R,14.97,2,lCb,11.845999,0.8761936
8B3,13.09,2,lCb,10.77,0.23248729
41N,16.74,2,lCb,14.011,2.1767578
82V,16.01,2,lCb,11.143,0.32990757
4S3,3.18,2,lCb,9.694001,-0.65216374
5R4,6.25,2,lCb,10.523999,0.07397668
97R,17.93,2,lCb,14.492999,2.8438573
4Q6,3.22,2,lCb,8.223001,-1.7952589
4J6,7.15,2,lCb,8.34,-1.6660093
6L4,8.2,2,lCb,7.6559997,-1.8473927
2V1,4.3,2,lCb,12.233,1.2548156
43N,17.0,2,lCb,10.085,-0.42573497
0B9,12.11,2,lCb,10.977,0.26177728
2S6,3.17,2,lCb,8.247999,-1.7097137
3R7,3.32,2,lCb,6.4269996,-2.6448898
1L1,8.17,2,lCb,10.224001,-0.24877362
0B9,12.11,2,lCb,12.193001,1.1562358
4Q6,3.22,2,lCb,8.632,-1.1646265
4J6,7.15,2,lCb,9.4,-0.8716096
2S6,3.17,2,lCb,7.4509993,-1.8965037
3R7,3.32,2,lCb,5.245,-3.926835
55R,14.97,2,lCb,11.338999,0.45404488
97R,17.93,2,lCb,12.172999,1.1635132
2F2,11.04,2,lCb,9.565001,-0.73491853
4J6,7.15,2,lCb,12.346999,1.0299791
42T,15.96,2,lCb,6.833,-2.146951
4J6,7.15,2,lCb,7.7809997,-1.7887979
41N,16.74,2,lCb,10.254999,-0.1216172
41N,16.74,2,lCb,12.621,1.3845329
41N,16.74,2,lCb,11.702,0.7522925
56K,19.93,2,lCb,11.8949995,0.99286413
3D1,13.11,2,lCb,9.999999,-0.37940064
3T5,5.12,2,lCb,12.450999,1.1693871
42T,15.96,2,lCb,8.030001,-1.7706215
82V,16.01,2,lCb,12.957998,1.6136976
82V,16.01,2,lCb,14.146001,2.4763381
6L4,8.2,2,lCb,12.042,1.017086
3R7,3.32,2,lCb,7.653,-1.8480343
6D9,13.11,2,lCb,12.521999,1.062205
8M0,8.12,2,lCb,11.722,0.8630591
1G8,7.88,2,lCb,12.192,1.0487925
98V,16.03,2,lCb,10.088,-0.36116114
7M4,8.15,2,lCb,9.698,-0.5905261
4J6,7.15,2,lCb,5.526,-3.0526452
1L1,8.17,2,lCb,8.448999,-1.404064
1L1,8.17,2,lCb,10.842,0.16566753
8I6,9.9,2,lCb,13.406,1.7675637
2F2,11.04,2,lCb,11.969,0.93667555
2F2,11.04,2,lCb,12.090001,0.7588387
4Q6,3.22,2,lCb,9.098001,-0.88359225
5H6,11.03,2,lCb,9.943,-0.48458037
4J6,7.15,2,lCb,8.254,-1.5399624
0G3,9.1,2,lCb,9.7369995,-0.8017593
4S3,3.18,2,lCb,10.816,0.22920248
3T5,5.12,2,lCb,11.673,0.83787054
50P,15.59,2,lCb,5.155,-4.033506
97R,17.93,2,lCb,15.351999,3.3566363
91O,15.86,2,lCb,14.278,2.4175117
4Q6,3.22,2,lCb,9.033999,-1.1246687
2V1,4.3,2,lCb,8.1449995,-1.6394458
2Q0,3.21,2,lCb,6.481,-2.9877374
37V,15.07,2,lCb,10.059,-0.52491456
3K1,9.01,2,lCb,13.073999,1.7365743
3D1,13.11,2,lCb,14.735998,2.5305188
8B3,13.09,2,lCb,14.636999,2.648845
5H6,11.03,2,lCb,8.74,-0.99721944
6L4,8.2,2,lCb,9.570001,-0.57101274
4Q6,3.22,2,lCb,9.587,-0.61222225
5H6,11.03,2,lCb,9.17,-0.84209627
6L4,8.2,2,lCb,10.826,0.026332228
0G3,9.1,2,lCb,11.103999,0.4215248
2S6,3.17,2,lCb,9.794,-0.756577
56R,14.95,2,lCb,15.584997,2.9238698
50P,15.59,2,lCb,10.921999,0.14785738
42T,15.96,2,lCb,12.373,1.1479337
1L1,8.17,2,lCb,8.249,-1.7076482
4S3,3.18,2,lCb,10.83,0.03740251
4S3,3.18,2,lCb,7.157,-2.3296204
31S,17.0,2,lCb,10.353,-0.12921122
43N,17.0,2,lCb,7.148,-2.192611
6L4,8.2,2,lCb,7.9900002,-1.5250489
6L4,8.2,2,lCb,9.793,-0.3658079
1L1,8.17,2,lCb,8.811,-1.0418059
82V,16.01,2,lCb,10.599999,-0.12739578
37V,15.07,2,lCb,9.357,-0.8472286
3R7,3.32,2,lCb,9.994,-0.37211758
3R7,3.32,2,lCb,8.529,-1.269006
2F2,11.04,2,lCb,9.864,-0.22500612
7M4,8.15,2,lCb,10.199001,-0.33621782
97R,17.93,2,lCb,9.931999,-0.38821658
4Q6,3.22,2,lCb,8.253,-1.358316
5H6,11.03,2,lCb,10.544001,-0.16930388
41N,16.74,2,lCb,9.415,-0.74882734
82V,16.01,2,lCb,10.96,0.01098587
2C6,14.03,2,lCb,9.792,-0.513947
8I6,9.9,2,lCb,11.488001,0.53023285
2Q0,3.21,2,lCb,9.658999,-0.7859319
4S3,3.18,2,lCb,7.484,-2.1587381
37V,15.07,2,lCb,11.076,0.43624485
3R7,3.32,2,lCb,11.316999,0.3965337
5R4,6.25,2,lCb,9.204,-1.1801153
7F0,11.2,2,lCb,10.616,0.09883409
41N,16.74,2,lCb,10.934999,0.13877413
2V1,4.3,2,lCb,9.93,-0.57272035
0G3,9.1,2,lCb,15.997,3.4664004
82V,16.01,2,lCb,14.154999,2.3490868
0B9,12.11,2,lCb,9.703,-0.5481241
3E4,11.99,2,lCb,8.615999,-1.3451686
3T5,5.12,2,lCb,11.674,0.83110917
3K1,9.01,2,lCb,10.219,-0.3131078
55R,14.97,2,lCb,12.833,1.594339
55R,14.97,2,lCb,14.898,2.899002
31S,17.0,2,lCb,12.353,1.1656986
4J6,7.15,2,lCb,8.532,-1.4321837
4S3,3.18,2,lCb,6.1000004,-2.8024468
3D1,13.11,2,lCb,12.173,1.023444
6L4,8.2,2,lCb,9.406,-0.75635475
41N,16.74,2,lCb,10.591999,-0.061878063
7F0,11.2,2,lCb,10.051999,-0.41183233
4S3,3.18,2,lCb,8.634001,-1.2523681
4S3,3.18,2,lCb,6.9880004,-2.2048368
6D9,13.11,2,lCb,11.367001,0.46792984
6D9,13.11,2,lCb,9.117,-0.998623
3R7,3.32,2,lCb,5.884,-3.1551383
8M0,8.12,2,lCb,10.592001,-0.104380496
3K1,9.01,2,lCb,11.014,0.15985627
55R,14.97,2,lCb,11.072,0.37361258
97R,17.93,2,lCb,16.191,3.406072
5H6,11.03,2,lCb,10.124,-0.55102193
5H6,11.03,2,lCb,9.854,-0.528434
41N,16.74,2,lCb,7.7949996,-1.892226
7F0,11.2,2,lCb,11.426,0.6093359
82V,16.01,2,lCb,9.613001,-0.6534451
82V,16.01,2,lCb,10.589002,-0.09988082
2C6,14.03,2,lCb,11.287001,0.43600136
1G8,7.88,2,lCb,9.901999,-0.40225688
6D9,13.11,2,lCb,12.945999,1.2713249
6D9,13.11,2,lCb,12.643,1.1954567
82V,16.01,2,lCb,11.349,0.45424965
5H6,11.03,2,lCb,11.143999,0.23317748
6L4,8.2,2,lCb,7.025,-2.3659441
1L1,8.17,2,lCb,10.683001,-0.11630584
1L1,8.17,2,lCb,10.011,-0.2925669
43N,17.0,2,lCb,11.738,0.70105356
2Q0,3.21,2,lCb,9.297,-0.84272486
4S3,3.18,2,lCb,8.019,-1.7256933
6D9,13.11,2,lCb,12.591,1.4298714
6D9,13.11,2,lCb,10.184,-0.1324365
3K1,9.01,2,lCb,11.191,0.4994593
5R4,6.25,2,lCb,10.412999,-0.14615044
2F2,11.04,2,lCb,8.783,-1.1608248
4J6,7.15,2,lCb,11.872999,0.8073936
6L4,8.2,2,lCb,12.764001,1.3427174
6L4,8.2,2,lCb,10.1449995,-0.4978473
41N,16.74,2,lCb,11.169001,0.4857757
41N,16.74,2,lCb,7.613,-1.8633807
0B9,12.11,2,lCb,12.926001,1.6550962
0B9,12.11,2,lCb,10.198,-0.3295589
3R7,3.32,2,lCb,8.228999,-1.6880138
6D9,13.11,2,lCb,7.1340003,-2.433816
1G8,7.88,2,lCb,9.117,-1.1220014
8B3,13.09,2,lCb,14.436999,2.568154
4J6,7.15,2,lCb,8.482,-1.3159505
41N,16.74,2,lCb,10.048999,-0.32256386
41N,16.74,2,lCb,10.073,-0.39734012
1V8,4.31,2,lCb,9.202,-1.0173601
7F0,11.2,2,lCb,10.792,0.15160191
43N,17.0,2,lCb,11.9279995,0.9901603
0B9,12.11,2,lCb,13.286,1.9126204
0B9,12.11,2,lCb,13.609001,2.1731112
2C6,14.03,2,lCb,11.16,0.34421676
6D9,13.11,2,lCb,13.544001,2.1375437
3R7,3.32,2,lCb,9.597001,-0.79453236
8M0,8.12,2,lCb,9.853,-0.55823976
55R,14.97,2,lCb,10.258,-0.1900439
55R,14.97,2,lCb,11.343,0.34154767
55R,14.97,2,lCb,8.294001,-1.4591049
5R4,6.25,2,lCb,7.4690003,-2.0976617
5R4,6.25,2,lCb,7.3550005,-2.2616537
46Z,13.97,2,lCb,13.844,2.1978304
8B3,13.09,2,lCb,8.746,-1.2760761
82V,16.01,2,lCb,15.064,2.8662443
41N,16.74,2,lCb,12.455999,1.3724146
2V1,4.3,2,lCb,11.311999,0.45281947
3R7,3.32,2,lCb,6.474,-3.0021589
2F2,11.04,2,lCb,12.782,1.5503463
50P,15.59,2,lCb,7.257,-1.8652877
1L1,8.17,2,lCb,8.643,-1.3396016
1V8,4.31,2,lCb,7.5699997,-2.1969073
82V,16.01,2,lCb,10.464,-0.06350408
8C9,12.12,2,lCb,12.839,1.3089867
2Q0,3.21,2,lCb,7.831,-1.5927664
4S3,3.18,2,lCb,7.144,-2.0210693
7M4,8.15,2,lCb,12.015,0.92130435
8B3,13.09,2,lCb,10.135,-0.19341044
42T,15.96,2,lCb,9.748,-0.65329397
74K,20.81,2,lCb,11.288,0.6063483
5H6,11.03,2,lCb,8.547,-1.4490058
6L4,8.2,2,lCb,10.773001,0.08129212
2V1,4.3,2,lCb,7.6579995,-2.2635627
43N,17.0,2,lCb,13.0529995,1.4121429
0B9,12.11,2,lCb,11.455,0.5508072
3R7,3.32,2,lCb,9.298,-0.9091018
3T5,5.12,2,lCb,9.749,-0.53029585
6D9,13.11,2,lCb,12.518,1.1800817
8M0,8.12,2,lCb,10.035001,-0.27220672
5R4,6.25,2,lCb,11.164999,0.22008313
5H6,11.03,2,lCb,11.573,0.6186973
1L1,8.17,2,lCb,13.211,1.604253
2C6,14.03,2,lCb,11.455999,0.66456723
3R7,3.32,2,lCb,7.9040003,-1.7381686
5H6,11.03,2,lCb,6.7160006,-2.5357695
4J6,7.15,2,lCb,12.249001,0.9313952
1L1,8.17,2,lCb,9.8220005,-0.3977252
56K,19.93,2,lCb,14.841001,2.6986616
43N,17.0,2,lCb,10.508,-0.16235083
4S3,3.18,2,lCb,10.283,-0.26780558
3R7,3.32,2,lCb,8.571,-1.4616112
37V,15.07,2,lCb,11.012,0.38111448
3T5,5.12,2,lCb,8.8220005,-1.426215
3T5,5.12,2,lCb,11.385,0.5032386
5R4,6.25,2,lCb,11.817999,0.8757996
41N,16.74,2,lCb,10.965999,0.23453254
43N,17.0,2,lCb,12.147001,0.9313197
3R7,3.32,2,lCb,10.829,0.03771781
5R4,6.25,2,lCb,12.08,0.88435996
8B3,13.09,2,lCb,11.438,0.49199474
8B3,13.09,2,lCb,10.351999,-0.12965482
2V1,4.3,2,lCb,8.674,-1.219839
43N,17.0,2,lCb,12.033,0.78233784
3E4,11.99,2,lCb,12.950999,1.489185
4S3,3.18,2,lCb,5.565,-3.3515692
55R,14.97,2,lCb,13.315001,1.9083644
46Z,13.97,2,lCb,14.332001,2.3008728
6L4,8.2,2,lCb,8.851,-1.3199306
41N,16.74,2,lCb,11.065,0.16729398
2I1,10.27,2,lCb,7.996,-1.7972243
1V8,4.31,2,lCb,5.821,-3.0808256
2S6,3.17,2,lCb,9.906,-0.5717349
3T5,5.12,2,lCb,7.9620004,-1.9014379
5R4,6.25,2,lCb,10.38,-0.21250753
42T,15.96,2,lCb,12.175,1.0154202
6L4,8.2,2,lCb,11.759001,0.8726769
2C6,14.03,2,lCb,11.37,0.5327792
3T5,5.12,2,lCb,8.952,-1.037892
3R7,3.32,2,lCb,6.825,-2.7296312
1G8,7.88,2,lCb,9.627,-0.53837526
43N,17.0,2,lCb,9.444,-0.6604182
5H6,11.03,2,lCb,12.534,1.1712509
2I1,10.27,2,lCb,9.427,-0.75216323
1V8,4.31,2,lCb,8.622999,-1.3104144
82V,16.01,2,lCb,10.62,0.022988334
37V,15.07,2,lCb,12.929001,1.5162196
3T5,5.12,2,lCb,9.169,-0.8994809
98V,16.03,2,lCb,16.397,3.8935654
8B3,13.09,2,lCb,10.049,-0.49795192
74K,20.81,2,lCb,11.775999,0.7675448
4J6,7.15,2,lCb,11.678999,0.9556447
4J6,7.15,2,lCb,8.52,-1.540493
2V1,4.3,2,lCb,10.318999,-0.110350735
2C6,14.03,2,lCb,8.756,-1.2307523
2S2,6.31,2,lCb,11.450999,0.449301
6L4,8.2,2,lCb,7.9289994,-1.5200946
4Q6,3.22,2,lCb,10.628,-0.21293375
4Q6,3.22,2,lCb,6.4300003,-2.5460095
43N,17.0,2,lCb,10.609999,0.06150241
1G8,7.88,2,lCb,12.358999,1.0522491
7M4,8.15,2,lCb,12.223001,1.0910617
97R,17.93,2,lCb,14.597,2.6611397
4J6,7.15,2,lCb,9.05,-0.9846564
6L4,8.2,2,lCb,12.547999,1.1972882
41N,16.74,2,lCb,13.092,1.5757914
82V,16.01,2,lCb,13.189,1.5945843
0B9,12.11,2,lCb,9.589,-0.6084232
2Q0,3.21,2,lCb,8.179999,-1.5103185
50P,15.59,2,lCb,13.467999,1.8795776
5H6,11.03,2,lCb,10.303,-0.07391684
4S3,3.18,2,lCb,12.456,1.1267878
3T5,5.12,2,lCb,10.275999,-0.30250028
98V,16.03,2,lCb,14.988001,2.768307
97R,17.93,2,lCb,13.962999,2.0852373
6L4,8.2,2,lCb,10.598,0.14745572
8I6,9.9,2,lCb,14.040001,2.2542944
3T5,5.12,2,lCb,5.9150004,-3.314501
4J6,7.15,2,lCb,11.513,0.6746163
1L1,8.17,2,lCb,10.177001,-0.16050893
82V,16.01,2,lCb,9.575,-0.6935668
98V,16.03,2,lCb,10.060999,-0.36157107
4Q6,3.22,2,lCb,8.462,-1.3056549
4Q6,3.22,2,lCb,12.886999,1.4747944
4J6,7.15,2,lCb,7.724,-1.7431209
6L4,8.2,2,lCb,12.455999,1.0414269
2I1,10.27,2,lCb,12.614,1.2191615
2I1,10.27,2,lCb,11.426001,0.57790524
43N,17.0,2,lCb,9.67,-0.7715766
2S6,3.17,2,lCb,8.071,-1.3833926
3R7,3.32,2,lCb,7.4909997,-1.9352789
98V,16.03,2,lCb,16.674,3.40845
2F2,11.04,2,lCb,9.768,-0.3648778
82V,16.01,2,lCb,11.305,0.40417698
4J6,7.15,2,lCb,8.382999,-1.5824958
37V,15.07,2,lCb,15.88,3.2552865
55R,14.97,2,lCb,11.596999,0.69139004
5H6,11.03,2,lCb,10.934,0.21437031
2I1,10.27,2,lCb,10.291,-0.25677243
74K,20.81,2,lCb,10.276001,-0.19781531
4Q6,3.22,2,lCb,5.901,-3.4107985
56K,19.93,2,lCb,13.678999,2.0826488
8M0,8.12,2,lCb,13.135,1.5478781
3K1,9.01,2,lCb,11.3949995,0.5610043
55R,14.97,2,lCb,13.064,2.2060025
97R,17.93,2,lCb,12.555,1.4852903
74K,20.81,2,lCb,11.961,0.800528
3E4,11.99,2,lCb,11.929999,0.7965301
41N,16.74,2,lCb,8.688,-1.3498095
82V,16.01,2,lCb,12.360999,1.2361791
43N,17.0,2,lCb,13.851999,1.9654667
0B9,12.11,2,lCb,11.478,0.75694764
3R7,3.32,2,lCb,6.6769996,-2.7477708
1G8,7.88,2,lCb,10.936,0.21691549
50P,15.59,2,lCb,9.138,-0.8657913
7M4,8.15,2,lCb,9.364,-0.8041758
43N,17.0,2,lCb,9.191999,-0.86013687
2I1,10.27,2,lCb,8.797999,-1.206749
7F0,11.2,2,lCb,3.223,-5.180813
8I6,9.9,2,lCb,11.354,0.63411945
3R7,3.32,2,lCb,6.55,-2.7457495
3K1,9.01,2,lCb,10.795,0.255348
3D1,13.11,2,lCb,11.15,0.37505713
98V,16.03,2,lCb,13.245,1.7433728
97R,17.93,2,lCb,14.523999,2.6062808
91O,15.86,2,lCb,9.842,-0.42314512
1G8,7.88,2,lCb,12.634001,1.1010336
8B3,13.09,2,lCb,9.651999,-0.61780745
5H6,11.03,2,lCb,8.617999,-1.2172257
74K,20.81,2,lCb,9.604,-0.40942186
3R7,3.32,2,lCb,7.8649993,-1.7084181
1V8,4.31,2,lCb,7.088,-2.520063
2T6,5.18,2,lCb,11.214,0.3438931
5H6,11.03,2,lCb,6.803,-2.1229618
5H6,11.03,2,lCb,11.037,0.30392787
2I1,10.27,2,lCb,10.718,0.23356046
1L1,8.17,2,lCb,8.463999,-1.3642207
82V,16.01,2,lCb,14.139,2.250208
0B9,12.11,2,lCb,10.578,-0.06882964
0B9,12.11,2,lCb,7.3340006,-2.140725
2C6,14.03,2,lCb,9.335,-0.9161204
2S6,3.17,2,lCb,8.85,-1.2852435
6D9,13.11,2,lCb,10.089,-0.2969868
3R7,3.32,2,lCb,7.783,-1.9081717
55R,14.97,2,lCb,10.098,-0.11297886
56K,19.93,2,lCb,11.608,0.5770189
1G8,7.88,2,lCb,11.474001,0.6116904
6D9,13.11,2,lCb,9.959,-0.30698815
55R,14.97,2,lCb,10.561001,-0.05578373
2I1,10.27,2,lCb,7.5649996,-2.0968747
56K,19.93,2,lCb,12.870999,1.5894963
0B9,12.11,2,lCb,10.525999,-0.10091304
2C6,14.03,2,lCb,10.989,0.20569922
4Q6,3.22,2,lCb,10.037001,-0.11941305
4Q6,3.22,2,lCb,8.386,-1.4492939
3R7,3.32,2,lCb,12.115999,1.0263577
2S2,6.31,2,lCb,10.519,0.0077850637
55R,14.97,2,lCb,8.545,-1.4040362
3D1,13.11,2,lCb,11.759001,0.5898959
3D1,13.11,2,lCb,11.474,0.56768537
3T5,5.12,2,lCb,12.099999,1.0255207
8B3,13.09,2,lCb,11.687,0.8362905
2I1,10.27,2,lCb,9.781,-0.5335865
5H6,11.03,2,lCb,11.363001,0.4842758
4J6,7.15,2,lCb,10.318998,-0.13969457
6L4,8.2,2,lCb,8.906,-1.0271019
6L4,8.2,2,lCb,10.098001,-0.42332244
41N,16.74,2,lCb,14.191,2.4903898
2I1,10.27,2,lCb,12.18,0.9337705
2I1,10.27,2,lCb,8.804999,-1.304294
2V1,4.3,2,lCb,8.645999,-1.1049672
2S6,3.17,2,lCb,8.025,-1.6610973
6D9,13.11,2,lCb,9.73,-0.46453425
55R,14.97,2,lCb,9.028999,-0.98093796
3T5,5.12,2,lCb,11.825,0.654046
4J6,7.15,2,lCb,8.253,-1.2675114
41N,16.74,2,lCb,12.874998,1.339441
41N,16.74,2,lCb,13.005,1.3036389
1V8,4.31,2,lCb,11.48,0.5711062
2C6,14.03,2,lCb,9.892,-0.41350356
2C6,14.03,2,lCb,11.277,0.46582755
2S6,3.17,2,lCb,9.867,-0.43598157
3K1,9.01,2,lCb,11.943,1.0353539
55R,14.97,2,lCb,13.619,1.8306432
3D1,13.11,2,lCb,11.568001,0.48689982
3T5,5.12,2,lCb,9.900999,-0.4037134
31S,17.0,2,lCb,10.901,0.28595904
41N,16.74,2,lCb,12.244,1.2333758
2S6,3.17,2,lCb,12.719,1.399981
4S3,3.18,2,lCb,6.311,-2.877881
98V,16.03,2,lCb,13.061999,1.7397077
42T,15.96,2,lCb,12.28,0.89546746
4Q6,3.22,2,lCb,11.467999,0.509967
4Q6,3.22,2,lCb,6.6239996,-2.4872706
5H6,11.03,2,lCb,8.726999,-1.1433604
4J6,7.15,2,lCb,10.562,0.026023915
6L4,8.2,2,lCb,8.447,-1.5995209
74K,20.81,2,lCb,10.779,0.24573603
0B9,12.11,2,lCb,9.539,-0.4836231
8I6,9.9,2,lCb,11.841,0.8664681
3R7,3.32,2,lCb,8.615,-1.1759795
56R,14.95,2,lCb,15.129999,2.7915204
97R,17.93,2,lCb,10.698999,0.09399912
5R4,6.25,2,lCb,8.975,-1.149759
2F2,11.04,2,lCb,7.554999,-1.8367677
41N,16.74,2,lCb,7.5480003,-2.113236
1L1,8.17,2,lCb,7.324,-2.1341953
82V,16.01,2,lCb,9.747,-0.68829244
3E4,11.99,2,lCb,9.729,-0.36985373
2Q0,3.21,2,lCb,8.539999,-1.4060359
55R,14.97,2,lCb,7.2020006,-2.6491475
8M0,8.12,2,lCb,11.096001,0.2783843
5R4,6.25,2,lCb,11.353999,0.5478497
8B3,13.09,2,lCb,11.591,0.71546966
8B3,13.09,2,lCb,9.961,-0.4246706
98V,16.03,2,lCb,12.441,1.1314954
2F2,11.04,2,lCb,11.565001,0.7030057
43N,17.0,2,lCb,11.398,0.5182642
4Q6,3.22,2,lCb,9.813001,-0.6067251
41N,16.74,2,lCb,6.975,-2.341977
41N,16.74,2,lCb,9.918999,-0.53835887
2V1,4.3,2,lCb,7.479,-1.992284
0B9,12.11,2,lCb,8.394,-1.526746
2Q0,3.21,2,lCb,10.622999,-0.09262284
2S6,3.17,2,lCb,8.565001,-1.2937026
2S6,3.17,2,lCb,12.024,0.919642
6D9,13.11,2,lCb,12.55,1.1504939
98V,16.03,2,lCb,13.020999,1.5878328
98V,16.03,2,lCb,16.655003,4.127746
4Q6,3.22,2,lCb,8.372,-1.3271093
5H6,11.03,2,lCb,10.112999,-0.479012
41N,16.74,2,lCb,7.481,-1.984029
2V1,4.3,2,lCb,8.247999,-1.6467199
82V,16.01,2,lCb,11.503,0.63305926
4S3,3.18,2,lCb,7.776,-1.8897307
3T5,5.12,2,lCb,12.446,1.112691
5R4,6.25,2,lCb,9.458,-0.58612597
1L1,8.17,2,lCb,9.991,-0.27795213
43N,17.0,2,lCb,11.095999,0.41592556
4Q6,3.22,2,lCb,5.7319994,-3.42655
5H6,11.03,2,lCb,8.09,-1.6632556
5H6,11.03,2,lCb,9.052,-1.211301
4J6,7.15,2,lCb,10.757999,0.055920046
4J6,7.15,2,lCb,7.7699995,-1.9045497
6D9,13.11,2,lCb,7.0110006,-2.3946147
3R7,3.32,2,lCb,9.193999,-0.9125783
2S2,6.31,2,lCb,11.566999,0.56568116
50P,15.59,2,lCb,9.2,-0.74571836
42T,15.96,2,lCb,10.658,0.08415294
31S,17.0,2,lCb,10.452001,0.003231843
1V8,4.31,2,lCb,7.463,-2.0809066
43N,17.0,2,lCb,11.791,0.7884954
0B9,12.11,2,lCb,11.804,0.778632
3E4,11.99,2,lCb,10.814,0.26473325
4S3,3.18,2,lCb,9.625,-0.82188416
6L4,8.2,2,lCb,8.625,-1.3244209
4J6,7.15,2,lCb,9.458,-0.79038095
3K1,9.01,2,lCb,9.545,-0.77349216
98V,16.03,2,lCb,10.546,-0.12261855
5H6,11.03,2,lCb,9.8949995,-0.5090482
4Q6,3.22,2,lCb,5.7960005,-3.366625
41N,16.74,2,lCb,12.299999,1.0219768
1L1,8.17,2,lCb,9.078,-1.1184621
0G3,9.1,2,lCb,13.097,1.4254813
82V,16.01,2,lCb,11.680999,0.7689112
0B9,12.11,2,lCb,11.988,0.97169346
2C6,14.03,2,lCb,9.8949995,-0.5824727
3R7,3.32,2,lCb,8.805999,-1.0689217
3K1,9.01,2,lCb,12.007999,1.107732
5R4,6.25,2,lCb,7.7049994,-1.7587769
98V,16.03,2,lCb,13.811,2.3001153
2I1,10.27,2,lCb,9.696,-0.7149533
2Q0,3.21,2,lCb,7.0729995,-2.124368
3R7,3.32,2,lCb,5.6980004,-3.0736234
6D9,13.11,2,lCb,10.621,0.037390467
5R4,6.25,2,lCb,8.632,-1.3861511
2F2,11.04,2,lCb,11.002001,0.30091837
97R,17.93,2,lCb,14.56,2.5980804
2I1,10.27,2,lCb,12.253,0.9117688
0G3,9.1,2,lCb,12.625,1.2639973
2Q0,3.21,2,lCb,5.681,-3.4168513
3K1,9.01,2,lCb,11.736,0.7516291
6D9,13.11,2,lCb,11.509001,0.5351312
3R7,3.32,2,lCb,10.483,-0.041587293
3R7,3.32,2,lCb,8.226999,-1.7164792
8M0,8.12,2,lCb,11.031,0.27882075
3T5,5.12,2,lCb,8.908999,-1.1681398
2F2,11.04,2,lCb,13.419001,1.742598
82V,16.01,2,lCb,10.351001,-0.31198174
74K,20.81,2,lCb,10.298001,-0.20435897
2C6,14.03,2,lCb,13.271001,1.7499828
2Q0,3.21,2,lCb,4.9009995,-3.805627
3R7,3.32,2,lCb,9.684,-0.6925198
98V,16.03,2,lCb,12.751,1.5061028
98V,16.03,2,lCb,12.936999,1.3318901
3E4,11.99,2,lCb,7.5769997,-1.860009
2S6,3.17,2,lCb,8.136,-1.428275
4S3,3.18,2,lCb,6.136,-2.622521
3K1,9.01,2,lCb,9.642,-0.67413247
5H6,11.03,2,lCb,10.4470005,-0.10373353
2C6,14.03,2,lCb,11.773,0.84967685
2C6,14.03,2,lCb,12.455,1.1697634
8M0,8.12,2,lCb,14.629,2.7610815
3K1,9.01,2,lCb,11.296,0.49282023
8B3,13.09,2,lCb,12.1,0.9529719
43N,17.0,2,lCb,8.886,-1.1089063
7F0,11.2,2,lCb,11.915998,0.75804186
8M0,8.12,2,lCb,14.596001,2.6925066
55R,14.97,2,lCb,9.279,-0.82307285
8B3,13.09,2,lCb,9.918,-0.41966555
5H6,11.03,2,lCb,11.751,0.6069381
41N,16.74,2,lCb,11.790998,0.99533
2I1,10.27,2,lCb,7.797001,-1.6646326
1L1,8.17,2,lCb,12.488,1.1777846
3D1,13.11,2,lCb,14.358999,2.2956145
98V,16.03,2,lCb,14.506001,2.7171512
8B3,13.09,2,lCb,12.485,1.2064854
4Q6,3.22,2,lCb,7.5,-2.4795868
6L4,8.2,2,lCb,8.941,-0.82212347
1L1,8.17,2,lCb,13.074,1.5806609
82V,16.01,2,lCb,10.376,-0.3455665
3E4,11.99,2,lCb,7.097,-1.9417226
3R7,3.32,2,lCb,8.273,-1.5200231
55R,14.97,2,lCb,8.576,-1.2387952
55R,14.97,2,lCb,9.995,-0.38509974
41N,16.74,2,lCb,8.219999,-1.5025201
0B9,12.11,2,lCb,12.712,1.1538347
6D9,13.11,2,lCb,9.822,-0.32709193
55R,14.97,2,lCb,11.927,0.8889873
55R,14.97,2,lCb,11.8949995,0.86664635
5R4,6.25,2,lCb,9.143,-0.77419776
8B3,13.09,2,lCb,12.287,1.0222579
41N,16.74,2,lCb,8.886999,-1.1273046
2V1,4.3,2,lCb,6.1159997,-3.492332
7F0,11.2,2,lCb,10.559,-0.02511367
82V,16.01,2,lCb,10.6779995,0.107472174
2C6,14.03,2,lCb,9.836,-0.4554858
3E4,11.99,2,lCb,6.5200005,-2.4644125
4S3,3.18,2,lCb,11.426,0.4332189
6D9,13.11,2,lCb,8.255,-1.4582305
8B3,13.09,2,lCb,9.714,-0.7594667
8B3,13.09,2,lCb,12.6,1.2401828
41N,16.74,2,lCb,10.892,0.10102771
3E4,11.99,2,lCb,10.235,-0.18844794
37V,15.07,2,lCb,8.412,-1.6255364
50P,15.59,2,lCb,12.955999,1.5409298
50P,15.59,2,lCb,11.162001,0.5226994
4Q6,3.22,2,lCb,8.038,-1.6255463
7F0,11.2,2,lCb,8.311999,-1.4994715
0B9,12.11,2,lCb,11.498,0.49924722
2C6,14.03,2,lCb,9.941,-0.45544645
37V,15.07,2,lCb,14.654001,2.8725307
98V,16.03,2,lCb,14.94,3.3264487
82V,16.01,2,lCb,12.243001,0.9036972
43N,17.0,2,lCb,11.691999,0.6497481
6L4,8.2,2,lCb,10.790999,0.16477619
6L4,8.2,2,lCb,10.86,0.12599841
2I1,10.27,2,lCb,10.099999,-0.13152708
7F0,11.2,2,lCb,9.622,-0.6826639
98V,16.03,2,lCb,14.143,2.3249424
8B3,13.09,2,lCb,13.491,1.6794183
8B3,13.09,2,lCb,9.783999,-0.41255635
42T,15.96,2,lCb,8.434,-1.2939147
2F2,11.04,2,lCb,10.273001,-0.29812002
7F0,11.2,2,lCb,8.542,-1.2200034
4S3,3.18,2,lCb,11.243001,0.34077376
3K1,9.01,2,lCb,10.213,-0.43262404
31S,17.0,2,lCb,14.004001,2.14225
82V,16.01,2,lCb,11.273999,0.40207657
6L4,8.2,2,lCb,9.441,-0.6960252
1L1,8.17,2,lCb,9.41,-0.6589598
2V1,4.3,2,lCb,10.96,0.50458384
7F0,11.2,2,lCb,8.342,-1.5202895
56K,19.93,2,lCb,8.117,-1.6206443
4S3,3.18,2,lCb,9.304999,-0.8462757
4S3,3.18,2,lCb,8.499999,-1.2699494
3R7,3.32,2,lCb,7.652999,-1.7325785
8M0,8.12,2,lCb,13.139999,1.8100089
3D1,13.11,2,lCb,6.4230003,-2.694101
2F2,11.04,2,lCb,8.386,-1.6192523
3K1,9.01,2,lCb,15.124001,2.6906462
3R7,3.32,2,lCb,8.152,-1.4909642
82V,16.01,2,lCb,11.133,0.49198636
4J6,7.15,2,lCb,10.88,0.16828403
4J6,7.15,2,lCb,10.955999,0.123272814
4J6,7.15,2,lCb,10.353999,-0.24720888
2I1,10.27,2,lCb,9.22,-0.84278655
1L1,8.17,2,lCb,9.053,-0.98353237
43N,17.0,2,lCb,13.228,1.4490112
0B9,12.11,2,lCb,11.842,0.60500073
37V,15.07,2,lCb,13.944,2.048912
4J6,7.15,2,lCb,5.6260004,-3.631266
2V1,4.3,2,lCb,5.71,-3.3191285
56K,19.93,2,lCb,14.406,2.8299558
3K1,9.01,2,lCb,7.1890006,-2.3682973
3T5,5.12,2,lCb,6.752,-2.6575124
41N,16.74,2,lCb,14.297,2.3590858
74K,20.81,2,lCb,11.886,0.8943429
56K,19.93,2,lCb,14.041,2.2601151
43N,17.0,2,lCb,10.816999,0.09817866
0B9,12.11,2,lCb,11.567,0.6298799
0B9,12.11,2,lCb,10.287001,-0.14338236
2C6,14.03,2,lCb,8.188001,-1.5430951
3R7,3.32,2,lCb,8.134,-1.5453285
2I1,10.27,2,lCb,10.264,-0.3228979
98V,16.03,2,lCb,11.844999,0.8128338
97R,17.93,2,lCb,15.129001,3.164921
5H6,11.03,2,lCb,10.497,-0.10446126
2I1,10.27,2,lCb,11.216,0.2823356
2I1,10.27,2,lCb,6.9340005,-2.2673101
43N,17.0,2,lCb,10.39,-0.17420362
6D9,13.11,2,lCb,9.045,-1.0382254
3K1,9.01,2,lCb,9.491,-0.75862134
1G8,7.88,2,lCb,10.249,-0.0117717665
8B3,13.09,2,lCb,10.598,0.11150651
6L4,8.2,2,lCb,9.941,-0.37606072
2I1,10.27,2,lCb,12.466,1.082846
1L1,8.17,2,lCb,8.858,-1.1190442
82V,16.01,2,lCb,12.281,1.1096507
4S3,3.18,2,lCb,6.9229994,-2.5247016
6D9,13.11,2,lCb,13.791,2.0456765
3R7,3.32,2,lCb,7.3829994,-1.7422135
1G8,7.88,2,lCb,11.469,0.512907
41N,16.74,2,lCb,12.171,1.1152161
41N,16.74,2,lCb,6.217,-2.9111102
6D9,13.11,2,lCb,11.273,0.452707
3T5,5.12,2,lCb,9.914,-0.51811695
42T,15.96,2,lCb,6.965,-2.5762267
5H6,11.03,2,lCb,10.408,-0.17554209
7F0,11.2,2,lCb,12.640001,1.4362867
2C6,14.03,2,lCb,10.969999,0.43143415
6L4,8.2,2,lCb,6.942,-2.0935175
6L4,8.2,2,lCb,8.716001,-1.2408667
41N,16.74,2,lCb,14.624001,2.3968441
2I1,10.27,2,lCb,10.404,-0.23291041
3D1,13.11,2,lCb,11.774,0.63483816
3T5,5.12,2,lCb,11.290999,0.43098217
3R7,3.32,2,lCb,6.896,-2.6133022
3R7,3.32,2,lCb,9.614,-0.641287
55R,14.97,2,lCb,8.562,-1.3990828
1L1,8.17,2,lCb,7.5670004,-1.8913419
4J6,7.15,2,lCb,9.538,-0.7905335
6L4,8.2,2,lCb,13.239,1.6230721
56K,19.93,2,lCb,14.5199995,2.5835705
43N,17.0,2,lCb,8.830999,-1.1939458
2C6,14.03,2,lCb,13.8029995,1.9953729
55R,14.97,2,lCb,9.804,-0.7025705
5R4,6.25,2,lCb,10.883,0.0067674457
42T,15.96,2,lCb,9.464,-0.69072807
4Q6,3.22,2,lCb,11.45,0.47150657
5H6,11.03,2,lCb,8.59,-1.0897795
5H6,11.03,2,lCb,9.239,-0.8496637
4J6,7.15,2,lCb,7.939,-1.8544285
41N,16.74,2,lCb,12.931999,1.4649282
41N,16.74,2,lCb,13.948,1.986604
2V1,4.3,2,lCb,7.9310007,-1.713757
2V1,4.3,2,lCb,9.601,-0.5056195
56K,19.93,2,lCb,13.511,1.9507304
0B9,12.11,2,lCb,10.98,0.23508744
82V,16.01,2,lCb,12.912,1.6934003
2C6,14.03,2,lCb,9.655,-0.7288381
4S3,3.18,2,lCb,7.7809997,-1.6759647
55R,14.97,2,lCb,11.857,0.8400462
55R,14.97,2,lCb,8.7699995,-1.450219
3T5,5.12,2,lCb,9.705,-0.52958906
74K,20.81,2,lCb,11.7699995,0.770763
4J6,7.15,2,lCb,10.181,-0.20237815
82V,16.01,2,lCb,10.073999,-0.36866233
2C6,14.03,2,lCb,8.166,-1.5174098
3T5,5.12,2,lCb,11.793,0.8150009
97R,17.93,2,lCb,13.059,1.4643279
41N,16.74,2,lCb,10.869,0.07420503
2V1,4.3,2,lCb,6.4940004,-2.6122737
3R7,3.32,2,lCb,9.039,-0.9132359
3T5,5.12,2,lCb,8.681,-1.0946114
5H6,11.03,2,lCb,12.139999,0.93782413
7F0,11.2,2,lCb,13.019,1.3197517
74K,20.81,2,lCb,12.991,1.4383997
43N,17.0,2,lCb,9.653,-0.6134593
4J6,7.15,2,lCb,13.129,1.5380872
4J6,7.15,2,lCb,10.073999,-0.4924198
6L4,8.2,2,lCb,9.606001,-0.6835679
3T5,5.12,2,lCb,10.740999,0.027811738
1G8,7.88,2,lCb,10.146,-0.27263835
1G8,7.88,2,lCb,8.79,-1.1908845
4Q6,3.22,2,lCb,8.471999,-1.2557613
5H6,11.03,2,lCb,11.908,1.1230762
4J6,7.15,2,lCb,8.845,-1.0821283
6L4,8.2,2,lCb,7.8589997,-1.6571312
41N,16.74,2,lCb,8.455999,-1.4344208
1V8,4.31,2,lCb,10.398001,-0.22415757
2V1,4.3,2,lCb,8.363,-1.4598343
0B9,12.11,2,lCb,13.017,1.6312882
0B9,12.11,2,lCb,9.448,-1.0246495
4S3,3.18,2,lCb,8.077001,-1.7772229
4S3,3.18,2,lCb,12.851,1.3407656
3R7,3.32,2,lCb,5.297,-3.2659388
1G8,7.88,2,lCb,10.412001,-0.03096924
5R4,6.25,2,lCb,9.014,-0.81656355
5R4,6.25,2,lCb,8.42,-1.6135457
6L4,8.2,2,lCb,7.564,-2.130285
7F0,11.2,2,lCb,12.767,1.1752021
0G3,9.1,2,lCb,10.419001,-0.042555306
56K,19.93,2,lCb,10.409999,-0.106014706
2C6,14.03,2,lCb,9.367,-0.8021543
4S3,3.18,2,lCb,8.71,-1.2317098
3K1,9.01,2,lCb,12.33,1.1078169
55R,14.97,2,lCb,8.563,-1.3541336
5H6,11.03,2,lCb,9.091,-0.9260291
6L4,8.2,2,lCb,10.815,0.24934718
6L4,8.2,2,lCb,12.327,1.2299508
2V1,4.3,2,lCb,13.301,1.7603097
2V1,4.3,2,lCb,11.491,0.59481263
3E4,11.99,2,lCb,14.004001,2.3416505
7M4,8.15,2,lCb,11.205,0.39072385
8B3,13.09,2,lCb,13.634001,1.5999011
8B3,13.09,2,lCb,10.648,-0.019428572
5H6,11.03,2,lCb,11.122999,0.4775327
1L1,8.17,2,lCb,9.853001,-0.4287355
43N,17.0,2,lCb,7.958,-1.8724612
41N,16.74,2,lCb,10.252,-0.2897246
0G3,9.1,2,lCb,13.358999,1.6582181
2C6,14.03,2,lCb,13.537,1.7723007
2C6,14.03,2,lCb,11.840001,0.7766227
3K1,9.01,2,lCb,8.636,-1.244288
3T5,5.12,2,lCb,12.223,1.0209533
8B3,13.09,2,lCb,10.707999,-0.03356925
1L1,8.17,2,lCb,7.3950005,-2.0634737
4J6,7.15,2,lCb,8.610001,-1.1546564
2I1,10.27,2,lCb,10.811999,0.20555343
82V,16.01,2,lCb,11.483999,0.6275379
2C6,14.03,2,lCb,9.608,-0.6959216
37V,15.07,2,lCb,11.747,0.8036382
4Q6,3.22,2,lCb,10.860999,-0.051804535
6L4,8.2,2,lCb,11.649,0.6144167
1L1,8.17,2,lCb,9.73,-0.58026224
31S,17.0,2,lCb,11.983999,0.9844904
4Q6,3.22,2,lCb,8.504001,-1.3469709
82V,16.01,2,lCb,11.667001,0.60370606
0B9,12.11,2,lCb,8.63,-1.2640508
4S3,3.18,2,lCb,12.077,0.88527614
2S2,6.31,2,lCb,8.231,-1.3069352
3T5,5.12,2,lCb,9.391001,-0.8466668
6L4,8.2,2,lCb,9.606999,-0.81660515
6L4,8.2,2,lCb,8.870999,-1.1675698
2I1,10.27,2,lCb,9.21,-0.8302401
0B9,12.11,2,lCb,8.320001,-1.4639856
3R7,3.32,2,lCb,9.819,-0.5017741
4J6,7.15,2,lCb,10.231001,-0.14190619
6L4,8.2,2,lCb,7.0269995,-2.2199638
3K1,9.01,2,lCb,8.714,-1.2135233
3K1,9.01,2,lCb,12.237,1.1616136
97R,17.93,2,lCb,13.153999,1.5917854
42T,15.96,2,lCb,8.076,-1.5512826
82V,16.01,2,lCb,10.67,-0.005630022
41N,16.74,2,lCb,11.841999,0.92436147
41N,16.74,2,lCb,11.278,0.2170546
1V8,4.31,2,lCb,6.496001,-2.5231242
1V8,4.31,2,lCb,11.745001,0.81464714
2V1,4.3,2,lCb,9.431,-0.7402167
82V,16.01,2,lCb,9.159,-0.96130884
82V,16.01,2,lCb,10.320001,-0.13546056
6D9,13.11,2,lCb,13.325,1.9256712
3T5,5.12,2,lCb,10.337,-0.2985202
50P,15.59,2,lCb,11.587,0.70887995
8B3,13.09,2,lCb,8.055,-1.6026403
2F2,11.04,2,lCb,11.724001,0.80151254
4Q6,3.22,2,lCb,6.324,-2.9865324
0G3,9.1,2,lCb,14.216001,2.1220276
74K,20.81,2,lCb,9.815001,-0.42503807
55R,14.97,2,lCb,10.565,0.042447805
98V,16.03,2,lCb,11.084001,0.40321946
6L4,8.2,2,lCb,7.8719993,-1.7985883
41N,16.74,2,lCb,12.188,1.0910072
2C6,14.03,2,lCb,13.214,1.6436191
55R,14.97,2,lCb,13.217999,1.7980857
2F2,11.04,2,lCb,9.835001,-0.38599133
98V,16.03,2,lCb,9.718,-0.73664486
82V,16.01,2,lCb,8.497,-1.4009187
5H6,11.03,2,lCb,9.856,-0.5995824
7F0,11.2,2,lCb,10.656,-0.09782628
0B9,12.11,2,lCb,8.191,-1.619425
2Q0,3.21,2,lCb,8.376,-1.2423222
4S3,3.18,2,lCb,11.885,0.8334419
8B3,13.09,2,lCb,13.577001,1.9575295
82V,16.01,2,lCb,13.761999,1.9015828
3D1,13.11,2,lCb,14.169001,2.4831078
5H6,11.03,2,lCb,8.5859995,-1.4234151
4J6,7.15,2,lCb,9.217001,-0.8184109
6L4,8.2,2,lCb,11.882999,0.7394566
7F0,11.2,2,lCb,7.842,-1.8076471
7F0,11.2,2,lCb,10.093,-0.26337448
43N,17.0,2,lCb,9.604,-0.7764525
3R7,3.32,2,lCb,8.336,-1.3786657
6D9,13.11,2,lCb,10.653,0.1309671
3T5,5.12,2,lCb,13.042,1.4737221
98V,16.03,2,lCb,13.900999,2.4314349
2F2,11.04,2,lCb,11.945,0.74682796
50P,15.59,2,lCb,10.295,-0.19312027
31S,17.0,2,lCb,10.689,-0.025245227
5H6,11.03,2,lCb,10.400999,-0.2704079
4J6,7.15,2,lCb,10.706,-0.018381197
0B9,12.11,2,lCb,10.997,0.382483
2S6,3.17,2,lCb,9.11,-1.1548542
8M0,8.12,2,lCb,9.715,-0.8739606
97R,17.93,2,lCb,12.326,1.1234628
2F2,11.04,2,lCb,11.409,0.51367056
6L4,8.2,2,lCb,9.4939995,-0.61954397
5H6,11.03,2,lCb,10.8949995,0.15350516
1V8,4.31,2,lCb,9.604,-0.47795355
7F0,11.2,2,lCb,9.1,-0.9247964
8I6,9.9,2,lCb,13.122,1.8519144
43N,17.0,2,lCb,9.598,-0.81683826
5H6,11.03,2,lCb,9.290999,-0.83866656
4J6,7.15,2,lCb,9.805,-0.6906957
98V,16.03,2,lCb,12.834,1.3607191
97R,17.93,2,lCb,14.658,2.7073603
4J6,7.15,2,lCb,8.953,-0.9753992
41N,16.74,2,lCb,9.667,-0.5278977
8I6,9.9,2,lCb,13.315,1.7888132
5R4,6.25,2,lCb,11.087999,0.4425325
97R,17.93,2,lCb,16.258999,4.041004
4Q6,3.22,2,lCb,7.8690004,-1.8972558
82V,16.01,2,lCb,11.113,0.42188635
2C6,14.03,2,lCb,14.485998,2.3619022
3D1,13.11,2,lCb,12.051,0.90610504
50P,15.59,2,lCb,7.9690003,-1.7350776
8B3,13.09,2,lCb,12.146999,1.0262759
8B3,13.09,2,lCb,9.009999,-1.1282078
5H6,11.03,2,lCb,7.8090005,-1.7872381
37V,15.07,2,lCb,15.402,3.1654923
5R4,6.25,2,lCb,7.759,-1.8402435
82V,16.01,2,lCb,9.704,-0.52676624
4J6,7.15,2,lCb,4.9350004,-3.8710587
1V8,4.31,2,lCb,5.486,-3.7128606
56K,19.93,2,lCb,11.556001,0.6805215
43N,17.0,2,lCb,7.4129996,-2.4256792
0B9,12.11,2,lCb,11.375,0.47969833
4S3,3.18,2,lCb,4.9110003,-3.617191
8M0,8.12,2,lCb,11.741,0.73406285
8B3,13.09,2,lCb,6.7699995,-2.1495957
74K,20.81,2,lCb,8.115,-1.7376449
41N,16.74,2,lCb,9.731999,-0.5586007
7F0,11.2,2,lCb,10.448999,-0.12994194
82V,16.01,2,lCb,13.152,1.5906842
8I6,9.9,2,lCb,15.492,3.293689
2Q0,3.21,2,lCb,6.978999,-2.4249597
6D9,13.11,2,lCb,8.146,-1.7286602
3R7,3.32,2,lCb,6.2980003,-2.9210227
55R,14.97,2,lCb,10.041,-0.21587594
46Z,13.97,2,lCb,14.516001,2.63343
97R,17.93,2,lCb,11.04,0.19621758
5H6,11.03,2,lCb,8.238,-1.5070993
5H6,11.03,2,lCb,11.323,0.4056975
4J6,7.15,2,lCb,9.637,-0.55709624
6L4,8.2,2,lCb,10.992,0.3483041
1V8,4.31,2,lCb,8.413,-1.3402946
3T5,5.12,2,lCb,10.533,0.26161906
5R4,6.25,2,lCb,8.827001,-1.0394475
42T,15.96,2,lCb,12.603,1.1956617
5H6,11.03,2,lCb,11.941999,0.81668735
4J6,7.15,2,lCb,10.187,-0.34969172
1L1,8.17,2,lCb,10.658,0.07081115
0B9,12.11,2,lCb,10.267,-0.12343301
8I6,9.9,2,lCb,11.83,0.69279546
8M0,8.12,2,lCb,12.717,1.5619129
3K1,9.01,2,lCb,8.622,-1.2051926
3D1,13.11,2,lCb,12.571001,1.2874593
6L4,8.2,2,lCb,8.793,-1.1668552
0B9,12.11,2,lCb,7.5439997,-1.9431319
2C6,14.03,2,lCb,9.931,-0.5383308
3E4,11.99,2,lCb,11.705999,0.7584333
4J6,7.15,2,lCb,11.612,0.7498069
6L4,8.2,2,lCb,9.691,-0.75801545
41N,16.74,2,lCb,10.162001,-0.3169901
3D1,13.11,2,lCb,13.17,1.7636098
3R7,3.32,2,lCb,10.596,-0.09572117
55R,14.97,2,lCb,6.725,-2.3826628
55R,14.97,2,lCb,8.439,-1.3707724
8B3,13.09,2,lCb,9.148001,-1.0012137
1L1,8.17,2,lCb,13.887001,2.239039
6L4,8.2,2,lCb,7.857001,-1.9572619
41N,16.74,2,lCb,10.432,-0.054002367
2I1,10.27,2,lCb,9.511999,-0.8792263
4S3,3.18,2,lCb,10.816,-0.052574776
97R,17.93,2,lCb,11.289,0.25321552
8B3,13.09,2,lCb,11.152,0.5545337
5H6,11.03,2,lCb,9.143,-0.8418765
6L4,8.2,2,lCb,7.35,-2.0298796
74K,20.81,2,lCb,8.969,-1.4040691
37V,15.07,2,lCb,12.247,1.229722
98V,16.03,2,lCb,10.587999,-0.1461507
2V1,4.3,2,lCb,9.926001,-0.48849094
2V1,4.3,2,lCb,8.672,-1.3546107
0G3,9.1,2,lCb,11.79,0.7485183
2C6,14.03,2,lCb,13.849001,1.9962186
6D9,13.11,2,lCb,10.827001,0.13732986
6D9,13.11,2,lCb,8.926001,-0.8936728
3T5,5.12,2,lCb,11.582999,0.68203276
42T,15.96,2,lCb,8.832999,-1.4438797
4Q6,3.22,2,lCb,7.7380004,-1.5106136
1L1,8.17,2,lCb,10.422999,-0.24830392
7F0,11.2,2,lCb,10.731,0.00086433423
82V,16.01,2,lCb,12.515,1.0518762
55R,14.97,2,lCb,10.0529995,-0.3267855
5R4,6.25,2,lCb,9.224,-0.86068213
5H6,11.03,2,lCb,9.329,-0.7724472
4J6,7.15,2,lCb,10.502,-0.2107353
41N,16.74,2,lCb,11.307001,0.67311776
3R7,3.32,2,lCb,7.113,-2.2002265
1V8,4.31,2,lCb,9.643,-0.6262428
1V8,4.31,2,lCb,10.070001,-0.27682602
2S6,3.17,2,lCb,12.734,1.4298422
1G8,7.88,2,lCb,9.05,-0.8302402
50P,15.59,2,lCb,12.426999,1.0206075
97R,17.93,2,lCb,14.497999,2.4937975
42T,15.96,2,lCb,12.0529995,0.8010489
43N,17.0,2,lCb,9.407,-0.7598562
43N,17.0,2,lCb,13.360998,1.9183662
4S3,3.18,2,lCb,7.928,-1.6158422
3R7,3.32,2,lCb,11.157,0.41900134
3R7,3.32,2,lCb,6.096,-2.9274719
3K1,9.01,2,lCb,6.8050003,-2.7281911
3T5,5.12,2,lCb,9.524,-0.5207875
2I1,10.27,2,lCb,9.7039995,-0.7402252
82V,16.01,2,lCb,6.9380007,-2.8808243
2C6,14.03,2,lCb,11.736,0.78027654
56R,14.95,2,lCb,14.389,2.460233
98V,16.03,2,lCb,12.011999,0.9942487
1L1,8.17,2,lCb,11.718,0.69469476
7F0,11.2,2,lCb,8.626001,-1.4250257
82V,16.01,2,lCb,13.684,1.9743147
82V,16.01,2,lCb,11.455999,0.5235984
56K,19.93,2,lCb,11.5529995,0.53574526
0B9,12.11,2,lCb,10.711,0.11632138
2C6,14.03,2,lCb,8.705999,-1.1157483
8B3,13.09,2,lCb,10.679998,0.14015135
41N,16.74,2,lCb,12.037999,0.97982866
2C6,14.03,2,lCb,9.768999,-0.40647516
3E4,11.99,2,lCb,14.619,2.60643
5R4,6.25,2,lCb,8.376,-1.6050624
98V,16.03,2,lCb,15.288,2.849429
4Q6,3.22,2,lCb,10.475,-0.12758653
5H6,11.03,2,lCb,8.279,-1.4905833
41N,16.74,2,lCb,12.149,0.9613045
3R7,3.32,2,lCb,7.0480003,-2.3785574
8B3,13.09,2,lCb,12.222,1.1808044
8B3,13.09,2,lCb,10.539999,0.047212537
6L4,8.2,2,lCb,7.35,-2.405954
1L1,8.17,2,lCb,9.247999,-1.0067608
2V1,4.3,2,lCb,9.833,-0.5173308
0B9,12.11,2,lCb,9.834999,-0.3517977
3E4,11.99,2,lCb,9.620001,-0.63677603
4S3,3.18,2,lCb,8.332,-1.4633329
46Z,13.97,2,lCb,10.687,0.07136743
42T,15.96,2,lCb,12.64,1.3867339
1L1,8.17,2,lCb,11.584999,0.6723061
5H6,11.03,2,lCb,9.849,-0.578051
74K,20.81,2,lCb,10.219999,-0.11941662
43N,17.0,2,lCb,12.069,0.90904874
0B9,12.11,2,lCb,10.712,-0.020792872
0B9,12.11,2,lCb,10.506,-0.108225286
3D1,13.11,2,lCb,10.83,-0.007786468
4Q6,3.22,2,lCb,10.825999,0.10777242
41N,16.74,2,lCb,12.8480015,1.24599
7F0,11.2,2,lCb,8.285001,-1.4934673
43N,17.0,2,lCb,9.716001,-0.745913
3R7,3.32,2,lCb,8.864,-1.3688618
1L1,8.17,2,lCb,9.119,-1.0305539
82V,16.01,2,lCb,12.577999,1.2549254
82V,16.01,2,lCb,13.251001,2.060722
3T5,5.12,2,lCb,8.559999,-1.5363464
97R,17.93,2,lCb,10.8220005,0.16225906
8B3,13.09,2,lCb,15.06,2.8673205
8B3,13.09,2,lCb,6.7139997,-2.4208684
4Q6,3.22,2,lCb,10.304,-0.16836189
5H6,11.03,2,lCb,9.209999,-1.0548759
2C6,14.03,2,lCb,12.525,1.4053828
3E4,11.99,2,lCb,7.45,-2.3943415
6D9,13.11,2,lCb,11.333,0.48462173
55R,14.97,2,lCb,11.594,0.58226186
3T5,5.12,2,lCb,11.67,0.7237217
1G8,7.88,2,lCb,11.249,0.37476748
8B3,13.09,2,lCb,7.9659996,-1.7959199
6L4,8.2,2,lCb,8.278,-1.7256503
82V,16.01,2,lCb,13.163,1.4014473
55R,14.97,2,lCb,11.246,0.50548613
2F2,11.04,2,lCb,14.062001,2.3574994
4Q6,3.22,2,lCb,11.132999,0.47063443
1L1,8.17,2,lCb,10.026999,-0.22741498
7F0,11.2,2,lCb,8.725,-1.3984668
0G3,9.1,2,lCb,14.318998,2.0535033
2C6,14.03,2,lCb,14.373999,2.6028974
4S3,3.18,2,lCb,7.2009993,-2.0970085
37V,15.07,2,lCb,12.860001,1.467868
42T,15.96,2,lCb,12.761999,1.4550513
31S,17.0,2,lCb,11.676001,0.65729886
4Q6,3.22,2,lCb,10.143,-0.2830386
82V,16.01,2,lCb,12.164999,1.008172
82V,16.01,2,lCb,10.8619995,0.41828552
0B9,12.11,2,lCb,6.363,-2.6098502
4S3,3.18,2,lCb,4.649,-4.031166
3R7,3.32,2,lCb,9.136,-0.89401937
6D9,13.11,2,lCb,11.316999,0.34007028
8M0,8.12,2,lCb,10.256,-0.079605415
2F2,11.04,2,lCb,11.065,0.2960724
0B9,12.11,2,lCb,7.35,-2.2824225
2C6,14.03,2,lCb,12.039,1.0007702
98V,16.03,2,lCb,13.429001,2.0577948
97R,17.93,2,lCb,10.076,-0.34479886
8B3,13.09,2,lCb,12.674,1.3881121
4J6,7.15,2,lCb,6.7209997,-2.5764253
6L4,8.2,2,lCb,9.147001,-0.96382844
41N,16.74,2,lCb,9.641001,-0.83492595
2C6,14.03,2,lCb,11.148,0.34127617
2S6,3.17,2,lCb,7.495,-1.9814414
3R7,3.32,2,lCb,9.914,-0.49531233
7M4,8.15,2,lCb,9.512,-0.7765048
5H6,11.03,2,lCb,7.004,-2.5730128
3E4,11.99,2,lCb,9.755,-0.5816616
98V,16.03,2,lCb,13.950999,1.9730709
8B3,13.09,2,lCb,10.339,-0.21945697
8B3,13.09,2,lCb,12.13,1.2298869
31S,17.0,2,lCb,8.628,-1.2469568
5H6,11.03,2,lCb,9.118,-0.92442113
41N,16.74,2,lCb,10.858,0.038627647
1L1,8.17,2,lCb,13.141001,1.6538885
7F0,11.2,2,lCb,11.464001,0.6134443
7F0,11.2,2,lCb,9.836,-0.30013788
82V,16.01,2,lCb,10.011,-0.22905548
82V,16.01,2,lCb,10.076,-0.117707975
82V,16.01,2,lCb,9.974,-0.6401552
82V,16.01,2,lCb,11.335001,0.4643203
56K,19.93,2,lCb,11.988,0.90216434
2C6,14.03,2,lCb,11.1,0.42648885
6D9,13.11,2,lCb,8.271,-1.867289
3T5,5.12,2,lCb,13.351001,2.0197434
97R,17.93,2,lCb,13.360001,1.9803827
3R7,3.32,2,lCb,8.342999,-1.4499223
97R,17.93,2,lCb,9.039,-0.92134726
5H6,11.03,2,lCb,11.691999,0.73075104
6L4,8.2,2,lCb,11.411,0.56353426
1V8,4.31,2,lCb,9.6050005,-0.6167808
0B9,12.11,2,lCb,9.51,-0.5635291
4S3,3.18,2,lCb,8.912,-1.0943495
